-0.6263744834585581 -0.6263744834585581 -0.6263744834585581 0.06375065071240887
-0.12087654962432581 -0.6263744834585581 -0.6263744834585581 0.06375065071240887
-0.6263744834585581 -0.12087654962432581 -0.6263744834585581 0.06375065071240887
-0.6263744834585581 -0.6263744834585581 -0.12087654962432581 0.06375065071240887
-0.771075186477539 -0.771075186477539 -0.771075186477539 0.0396371387823923
0.313225559432617 -0.771075186477539 -0.771075186477539 0.0396371387823923
-0.771075186477539 0.313225559432617 -0.771075186477539 0.0396371387823923
-0.771075186477539 -0.771075186477539 0.313225559432617 0.0396371387823923
-0.3723868154551968 -0.3723868154551968 -0.3723868154551968 0.058036432291967026
-0.8828395536344097 -0.3723868154551968 -0.3723868154551968 0.058036432291967026
-0.3723868154551968 -0.8828395536344097 -0.3723868154551968 0.058036432291967026
-0.3723868154551968 -0.3723868154551968 -0.8828395536344097 0.058036432291967026
-0.9108452411023075 -0.9108452411023075 -0.9108452411023075 0.011510314694419967
0.7325357233069225 -0.9108452411023075 -0.9108452411023075 0.011510314694419967
-0.9108452411023075 0.7325357233069225 -0.9108452411023075 0.011510314694419967
-0.9108452411023075 -0.9108452411023075 0.7325357233069225 0.011510314694419967
-0.1309669810876848 -0.8690330189123152 -0.8690330189123152 0.04918738835982182
-0.8690330189123152 -0.1309669810876848 -0.8690330189123152 0.04918738835982182
-0.1309669810876848 -0.1309669810876848 -0.8690330189123152 0.04918738835982182
-0.8690330189123152 -0.8690330189123152 -0.1309669810876848 0.04918738835982182
-0.1309669810876848 -0.8690330189123152 -0.1309669810876848 0.04918738835982182
-0.8690330189123152 -0.1309669810876848 -0.1309669810876848 0.04918738835982182
-0.9898533584991568 -0.5922136506757795 -0.5922136506757795 0.01932936894781267
-0.5922136506757795 -0.9898533584991568 -0.5922136506757795 0.01932936894781267
-0.5922136506757795 -0.5922136506757795 -0.9898533584991568 0.01932936894781267
0.1742806598507156 -0.5922136506757795 -0.5922136506757795 0.01932936894781267
0.1742806598507156 -0.9898533584991568 -0.5922136506757795 0.01932936894781267
0.1742806598507156 -0.5922136506757795 -0.9898533584991568 0.01932936894781267
-0.5922136506757795 0.1742806598507156 -0.5922136506757795 0.01932936894781267
-0.9898533584991568 0.1742806598507156 -0.5922136506757795 0.01932936894781267
-0.5922136506757795 0.1742806598507156 -0.9898533584991568 0.01932936894781267
-0.5922136506757795 -0.5922136506757795 0.1742806598507156 0.01932936894781267
-0.9898533584991568 -0.5922136506757795 0.1742806598507156 0.01932936894781267
-0.5922136506757795 -0.9898533584991568 0.1742806598507156 0.01932936894781267
0.42935385278660987 -0.9575044406608566 -0.9575044406608566 0.009543202489658143
-0.9575044406608566 0.42935385278660987 -0.9575044406608566 0.009543202489658143
-0.9575044406608566 -0.9575044406608566 0.42935385278660987 0.009543202489658143
-0.5143449714648964 -0.9575044406608566 -0.9575044406608566 0.009543202489658143
-0.5143449714648964 0.42935385278660987 -0.9575044406608566 0.009543202489658143
-0.5143449714648964 -0.9575044406608566 0.42935385278660987 0.009543202489658143
-0.9575044406608566 -0.5143449714648964 -0.9575044406608566 0.009543202489658143
0.42935385278660987 -0.5143449714648964 -0.9575044406608566 0.009543202489658143
-0.9575044406608566 -0.5143449714648964 0.42935385278660987 0.009543202489658143
-0.9575044406608566 -0.9575044406608566 -0.5143449714648964 0.009543202489658143
0.42935385278660987 -0.9575044406608566 -0.5143449714648964 0.009543202489658143
-0.9575044406608566 0.42935385278660987 -0.5143449714648964 0.009543202489658143
