-0.78148117792172 -0.78148117792172 -0.78148117792172 0.0039245480729102064
0.3444435337651601 -0.78148117792172 -0.78148117792172 0.0039245480729102064
-0.78148117792172 0.3444435337651601 -0.78148117792172 0.0039245480729102064
-0.78148117792172 -0.78148117792172 0.3444435337651601 0.0039245480729102064
-0.9658618932929802 -0.9658618932929802 -0.9658618932929802 0.0006428339416174631
0.8975856798789406 -0.9658618932929802 -0.9658618932929802 0.0006428339416174631
-0.9658618932929802 0.8975856798789406 -0.9658618932929802 0.0006428339416174631
-0.9658618932929802 -0.9658618932929802 0.8975856798789406 0.0006428339416174631
-0.8793944711958266 -0.8793944711958266 -0.8793944711958266 0.0021778825097812943
0.6381834135874798 -0.8793944711958266 -0.8793944711958266 0.0021778825097812943
-0.8793944711958266 0.6381834135874798 -0.8793944711958266 0.0021778825097812943
-0.8793944711958266 -0.8793944711958266 0.6381834135874798 0.0021778825097812943
-0.6394126442495025 -0.6394126442495025 -0.6394126442495025 0.011916347392978623
-0.08176206725149249 -0.6394126442495025 -0.6394126442495025 0.011916347392978623
-0.6394126442495025 -0.08176206725149249 -0.6394126442495025 0.011916347392978623
-0.6394126442495025 -0.6394126442495025 -0.08176206725149249 0.011916347392978623
-0.4151284988639845 -0.5848715011360155 -0.5848715011360155 0.004719041388175259
-0.5848715011360155 -0.4151284988639845 -0.5848715011360155 0.004719041388175259
-0.4151284988639845 -0.4151284988639845 -0.5848715011360155 0.004719041388175259
-0.5848715011360155 -0.5848715011360155 -0.4151284988639845 0.004719041388175259
-0.4151284988639845 -0.5848715011360155 -0.4151284988639845 0.004719041388175259
-0.5848715011360155 -0.4151284988639845 -0.4151284988639845 0.004719041388175259
-0.12701123750072363 -0.8729887624992765 -0.8729887624992765 0.006837169033497217
-0.8729887624992765 -0.12701123750072363 -0.8729887624992765 0.006837169033497217
-0.12701123750072363 -0.12701123750072363 -0.8729887624992765 0.006837169033497217
-0.8729887624992765 -0.8729887624992765 -0.12701123750072363 0.006837169033497217
-0.12701123750072363 -0.8729887624992765 -0.12701123750072363 0.006837169033497217
-0.8729887624992765 -0.12701123750072363 -0.12701123750072363 0.006837169033497217
-0.2851481897139668 -0.7148518102860332 -0.7148518102860332 0.011341282274368874
-0.7148518102860332 -0.2851481897139668 -0.7148518102860332 0.011341282274368874
-0.2851481897139668 -0.2851481897139668 -0.7148518102860332 0.011341282274368874
-0.7148518102860332 -0.7148518102860332 -0.2851481897139668 0.011341282274368874
-0.2851481897139668 -0.7148518102860332 -0.2851481897139668 0.011341282274368874
-0.7148518102860332 -0.2851481897139668 -0.2851481897139668 0.011341282274368874
-0.030509979222716366 -0.9694900207772836 -0.9694900207772836 0.001816001412753453
-0.9694900207772836 -0.030509979222716366 -0.9694900207772836 0.001816001412753453
-0.030509979222716366 -0.030509979222716366 -0.9694900207772836 0.001816001412753453
-0.9694900207772836 -0.9694900207772836 -0.030509979222716366 0.001816001412753453
-0.030509979222716366 -0.9694900207772836 -0.030509979222716366 0.001816001412753453
-0.9694900207772836 -0.030509979222716366 -0.030509979222716366 0.001816001412753453
-0.9867887429081272 -0.4364565062676353 -0.4364565062676353 0.0026036047929321104
-0.4364565062676353 -0.9867887429081272 -0.4364565062676353 0.0026036047929321104
-0.4364565062676353 -0.4364565062676353 -0.9867887429081272 0.0026036047929321104
-0.14029824455660211 -0.4364565062676353 -0.4364565062676353 0.0026036047929321104
-0.14029824455660211 -0.9867887429081272 -0.4364565062676353 0.0026036047929321104
-0.14029824455660211 -0.4364565062676353 -0.9867887429081272 0.0026036047929321104
-0.4364565062676353 -0.14029824455660211 -0.4364565062676353 0.0026036047929321104
-0.9867887429081272 -0.14029824455660211 -0.4364565062676353 0.0026036047929321104
-0.4364565062676353 -0.14029824455660211 -0.9867887429081272 0.0026036047929321104
-0.4364565062676353 -0.4364565062676353 -0.14029824455660211 0.0026036047929321104
-0.9867887429081272 -0.4364565062676353 -0.14029824455660211 0.0026036047929321104
-0.4364565062676353 -0.9867887429081272 -0.14029824455660211 0.0026036047929321104
-0.3053846489460422 -0.49344142067672125 -0.49344142067672125 0.004736643110269541
-0.49344142067672125 -0.3053846489460422 -0.49344142067672125 0.004736643110269541
-0.49344142067672125 -0.49344142067672125 -0.3053846489460422 0.004736643110269541
-0.7077325097005153 -0.49344142067672125 -0.49344142067672125 0.004736643110269541
-0.7077325097005153 -0.3053846489460422 -0.49344142067672125 0.004736643110269541
-0.7077325097005153 -0.49344142067672125 -0.3053846489460422 0.004736643110269541
-0.49344142067672125 -0.7077325097005153 -0.49344142067672125 0.004736643110269541
-0.3053846489460422 -0.7077325097005153 -0.49344142067672125 0.004736643110269541
-0.49344142067672125 -0.7077325097005153 -0.3053846489460422 0.004736643110269541
-0.49344142067672125 -0.49344142067672125 -0.7077325097005153 0.004736643110269541
-0.3053846489460422 -0.49344142067672125 -0.7077325097005153 0.004736643110269541
-0.49344142067672125 -0.3053846489460422 -0.7077325097005153 0.004736643110269541
0.02592638642706091 -0.7611106326224016 -0.7611106326224016 0.006313383829450508
-0.7611106326224016 0.02592638642706091 -0.7611106326224016 0.006313383829450508
-0.7611106326224016 -0.7611106326224016 0.02592638642706091 0.006313383829450508
-0.5037051211822576 -0.7611106326224016 -0.7611106326224016 0.006313383829450508
-0.5037051211822576 0.02592638642706091 -0.7611106326224016 0.006313383829450508
-0.5037051211822576 -0.7611106326224016 0.02592638642706091 0.006313383829450508
-0.7611106326224016 -0.5037051211822576 -0.7611106326224016 0.006313383829450508
0.02592638642706091 -0.5037051211822576 -0.7611106326224016 0.006313383829450508
-0.7611106326224016 -0.5037051211822576 0.02592638642706091 0.006313383829450508
-0.7611106326224016 -0.7611106326224016 -0.5037051211822576 0.006313383829450508
0.02592638642706091 -0.7611106326224016 -0.5037051211822576 0.006313383829450508
-0.7611106326224016 0.02592638642706091 -0.5037051211822576 0.006313383829450508
-0.19197296997372426 -0.4406048215640045 -0.4406048215640045 0.005434938736698374
-0.4406048215640045 -0.19197296997372426 -0.4406048215640045 0.005434938736698374
-0.4406048215640045 -0.4406048215640045 -0.19197296997372426 0.005434938736698374
-0.9268173868982669 -0.4406048215640045 -0.4406048215640045 0.005434938736698374
-0.9268173868982669 -0.19197296997372426 -0.4406048215640045 0.005434938736698374
-0.9268173868982669 -0.4406048215640045 -0.19197296997372426 0.005434938736698374
-0.4406048215640045 -0.9268173868982669 -0.4406048215640045 0.005434938736698374
-0.19197296997372426 -0.9268173868982669 -0.4406048215640045 0.005434938736698374
-0.4406048215640045 -0.9268173868982669 -0.19197296997372426 0.005434938736698374
-0.4406048215640045 -0.4406048215640045 -0.9268173868982669 0.005434938736698374
-0.19197296997372426 -0.4406048215640045 -0.9268173868982669 0.005434938736698374
-0.4406048215640045 -0.19197296997372426 -0.9268173868982669 0.005434938736698374
-0.4456988463924042 -0.8817006999648817 -0.8817006999648817 0.0058638528213847884
-0.8817006999648817 -0.4456988463924042 -0.8817006999648817 0.0058638528213847884
-0.8817006999648817 -0.8817006999648817 -0.4456988463924042 0.0058638528213847884
0.20910024632216762 -0.8817006999648817 -0.8817006999648817 0.0058638528213847884
0.20910024632216762 -0.4456988463924042 -0.8817006999648817 0.0058638528213847884
0.20910024632216762 -0.8817006999648817 -0.4456988463924042 0.0058638528213847884
-0.8817006999648817 0.20910024632216762 -0.8817006999648817 0.0058638528213847884
-0.4456988463924042 0.20910024632216762 -0.8817006999648817 0.0058638528213847884
-0.8817006999648817 0.20910024632216762 -0.4456988463924042 0.0058638528213847884
-0.8817006999648817 -0.8817006999648817 0.20910024632216762 0.0058638528213847884
-0.4456988463924042 -0.8817006999648817 0.20910024632216762 0.0058638528213847884
-0.8817006999648817 -0.4456988463924042 0.20910024632216762 0.0058638528213847884
-0.3254613536572075 -0.9768670862405592 -0.9768670862405592 0.0010879887224052639
-0.9768670862405592 -0.3254613536572075 -0.9768670862405592 0.0010879887224052639
-0.9768670862405592 -0.9768670862405592 -0.3254613536572075 0.0010879887224052639
0.2791955261383259 -0.9768670862405592 -0.9768670862405592 0.0010879887224052639
0.2791955261383259 -0.3254613536572075 -0.9768670862405592 0.0010879887224052639
0.2791955261383259 -0.9768670862405592 -0.3254613536572075 0.0010879887224052639
-0.9768670862405592 0.2791955261383259 -0.9768670862405592 0.0010879887224052639
-0.3254613536572075 0.2791955261383259 -0.9768670862405592 0.0010879887224052639
-0.9768670862405592 0.2791955261383259 -0.3254613536572075 0.0010879887224052639
-0.9768670862405592 -0.9768670862405592 0.2791955261383259 0.0010879887224052639
-0.3254613536572075 -0.9768670862405592 0.2791955261383259 0.0010879887224052639
-0.9768670862405592 -0.3254613536572075 0.2791955261383259 0.0010879887224052639
-0.8220157297606522 -0.4907598107762763 -0.4907598107762763 0.00858256987114192
-0.4907598107762763 -0.8220157297606522 -0.4907598107762763 0.00858256987114192
-0.4907598107762763 -0.4907598107762763 -0.8220157297606522 0.00858256987114192
-0.19646464868679525 -0.4907598107762763 -0.4907598107762763 0.00858256987114192
-0.19646464868679525 -0.8220157297606522 -0.4907598107762763 0.00858256987114192
-0.19646464868679525 -0.4907598107762763 -0.8220157297606522 0.00858256987114192
-0.4907598107762763 -0.19646464868679525 -0.4907598107762763 0.00858256987114192
-0.8220157297606522 -0.19646464868679525 -0.4907598107762763 0.00858256987114192
-0.4907598107762763 -0.19646464868679525 -0.8220157297606522 0.00858256987114192
-0.4907598107762763 -0.4907598107762763 -0.19646464868679525 0.00858256987114192
-0.8220157297606522 -0.4907598107762763 -0.19646464868679525 0.00858256987114192
-0.4907598107762763 -0.8220157297606522 -0.19646464868679525 0.00858256987114192
-0.8332924599840543 -0.9866541706442696 -0.9866541706442696 0.00030545827066376325
-0.9866541706442696 -0.8332924599840543 -0.9866541706442696 0.00030545827066376325
-0.9866541706442696 -0.9866541706442696 -0.8332924599840543 0.00030545827066376325
0.8066008012725938 -0.9866541706442696 -0.9866541706442696 0.00030545827066376325
0.8066008012725938 -0.8332924599840543 -0.9866541706442696 0.00030545827066376325
0.8066008012725938 -0.9866541706442696 -0.8332924599840543 0.00030545827066376325
-0.9866541706442696 0.8066008012725938 -0.9866541706442696 0.00030545827066376325
-0.8332924599840543 0.8066008012725938 -0.9866541706442696 0.00030545827066376325
-0.9866541706442696 0.8066008012725938 -0.8332924599840543 0.00030545827066376325
-0.9866541706442696 -0.9866541706442696 0.8066008012725938 0.00030545827066376325
-0.8332924599840543 -0.9866541706442696 0.8066008012725938 0.00030545827066376325
-0.9866541706442696 -0.8332924599840543 0.8066008012725938 0.00030545827066376325
-0.7022522970781548 -0.8809000726765274 -0.8809000726765274 0.004251662258939973
-0.8809000726765274 -0.7022522970781548 -0.8809000726765274 0.004251662258939973
-0.8809000726765274 -0.8809000726765274 -0.7022522970781548 0.004251662258939973
0.4640524424312098 -0.8809000726765274 -0.8809000726765274 0.004251662258939973
0.4640524424312098 -0.7022522970781548 -0.8809000726765274 0.004251662258939973
0.4640524424312098 -0.8809000726765274 -0.7022522970781548 0.004251662258939973
-0.8809000726765274 0.4640524424312098 -0.8809000726765274 0.004251662258939973
-0.7022522970781548 0.4640524424312098 -0.8809000726765274 0.004251662258939973
-0.8809000726765274 0.4640524424312098 -0.7022522970781548 0.004251662258939973
-0.8809000726765274 -0.8809000726765274 0.4640524424312098 0.004251662258939973
-0.7022522970781548 -0.8809000726765274 0.4640524424312098 0.004251662258939973
-0.8809000726765274 -0.7022522970781548 0.4640524424312098 0.004251662258939973
-0.9738390505737448 -0.808723411483421 0.44586384922070543 0.0026550216799598385
-0.9738390505737448 0.44586384922070543 -0.808723411483421 0.0026550216799598385
-0.808723411483421 -0.9738390505737448 0.44586384922070543 0.0026550216799598385
0.44586384922070543 -0.9738390505737448 -0.808723411483421 0.0026550216799598385
-0.808723411483421 0.44586384922070543 -0.9738390505737448 0.0026550216799598385
0.44586384922070543 -0.808723411483421 -0.9738390505737448 0.0026550216799598385
-0.6633013871635396 -0.808723411483421 0.44586384922070543 0.0026550216799598385
-0.6633013871635396 0.44586384922070543 -0.808723411483421 0.0026550216799598385
-0.6633013871635396 -0.9738390505737448 0.44586384922070543 0.0026550216799598385
-0.6633013871635396 -0.9738390505737448 -0.808723411483421 0.0026550216799598385
-0.6633013871635396 0.44586384922070543 -0.9738390505737448 0.0026550216799598385
-0.6633013871635396 -0.808723411483421 -0.9738390505737448 0.0026550216799598385
-0.808723411483421 -0.6633013871635396 0.44586384922070543 0.0026550216799598385
0.44586384922070543 -0.6633013871635396 -0.808723411483421 0.0026550216799598385
-0.9738390505737448 -0.6633013871635396 0.44586384922070543 0.0026550216799598385
-0.9738390505737448 -0.6633013871635396 -0.808723411483421 0.0026550216799598385
0.44586384922070543 -0.6633013871635396 -0.9738390505737448 0.0026550216799598385
-0.808723411483421 -0.6633013871635396 -0.9738390505737448 0.0026550216799598385
-0.808723411483421 0.44586384922070543 -0.6633013871635396 0.0026550216799598385
0.44586384922070543 -0.808723411483421 -0.6633013871635396 0.0026550216799598385
-0.9738390505737448 0.44586384922070543 -0.6633013871635396 0.0026550216799598385
-0.9738390505737448 -0.808723411483421 -0.6633013871635396 0.0026550216799598385
0.44586384922070543 -0.9738390505737448 -0.6633013871635396 0.0026550216799598385
-0.808723411483421 -0.9738390505737448 -0.6633013871635396 0.0026550216799598385
0.2753103986832506 -0.8792849693021226 -0.4172703553729563 0.0016132621824917076
0.2753103986832506 -0.4172703553729563 -0.8792849693021226 0.0016132621824917076
-0.8792849693021226 0.2753103986832506 -0.4172703553729563 0.0016132621824917076
-0.4172703553729563 0.2753103986832506 -0.8792849693021226 0.0016132621824917076
-0.8792849693021226 -0.4172703553729563 0.2753103986832506 0.0016132621824917076
-0.4172703553729563 -0.8792849693021226 0.2753103986832506 0.0016132621824917076
-0.9787550740081715 -0.8792849693021226 -0.4172703553729563 0.0016132621824917076
-0.9787550740081715 -0.4172703553729563 -0.8792849693021226 0.0016132621824917076
-0.9787550740081715 0.2753103986832506 -0.4172703553729563 0.0016132621824917076
-0.9787550740081715 0.2753103986832506 -0.8792849693021226 0.0016132621824917076
-0.9787550740081715 -0.4172703553729563 0.2753103986832506 0.0016132621824917076
-0.9787550740081715 -0.8792849693021226 0.2753103986832506 0.0016132621824917076
-0.8792849693021226 -0.9787550740081715 -0.4172703553729563 0.0016132621824917076
-0.4172703553729563 -0.9787550740081715 -0.8792849693021226 0.0016132621824917076
0.2753103986832506 -0.9787550740081715 -0.4172703553729563 0.0016132621824917076
0.2753103986832506 -0.9787550740081715 -0.8792849693021226 0.0016132621824917076
-0.4172703553729563 -0.9787550740081715 0.2753103986832506 0.0016132621824917076
-0.8792849693021226 -0.9787550740081715 0.2753103986832506 0.0016132621824917076
-0.8792849693021226 -0.4172703553729563 -0.9787550740081715 0.0016132621824917076
-0.4172703553729563 -0.8792849693021226 -0.9787550740081715 0.0016132621824917076
0.2753103986832506 -0.4172703553729563 -0.9787550740081715 0.0016132621824917076
0.2753103986832506 -0.8792849693021226 -0.9787550740081715 0.0016132621824917076
-0.4172703553729563 0.2753103986832506 -0.9787550740081715 0.0016132621824917076
-0.8792849693021226 0.2753103986832506 -0.9787550740081715 0.0016132621824917076
-0.6849874351830832 0.1441259325506543 -0.48492941496353714 0.003924557309578536
-0.6849874351830832 -0.48492941496353714 0.1441259325506543 0.003924557309578536
0.1441259325506543 -0.6849874351830832 -0.48492941496353714 0.003924557309578536
-0.48492941496353714 -0.6849874351830832 0.1441259325506543 0.003924557309578536
0.1441259325506543 -0.48492941496353714 -0.6849874351830832 0.003924557309578536
-0.48492941496353714 0.1441259325506543 -0.6849874351830832 0.003924557309578536
-0.9742090824040339 0.1441259325506543 -0.48492941496353714 0.003924557309578536
-0.9742090824040339 -0.48492941496353714 0.1441259325506543 0.003924557309578536
-0.9742090824040339 -0.6849874351830832 -0.48492941496353714 0.003924557309578536
-0.9742090824040339 -0.6849874351830832 0.1441259325506543 0.003924557309578536
-0.9742090824040339 -0.48492941496353714 -0.6849874351830832 0.003924557309578536
-0.9742090824040339 0.1441259325506543 -0.6849874351830832 0.003924557309578536
0.1441259325506543 -0.9742090824040339 -0.48492941496353714 0.003924557309578536
-0.48492941496353714 -0.9742090824040339 0.1441259325506543 0.003924557309578536
-0.6849874351830832 -0.9742090824040339 -0.48492941496353714 0.003924557309578536
-0.6849874351830832 -0.9742090824040339 0.1441259325506543 0.003924557309578536
-0.48492941496353714 -0.9742090824040339 -0.6849874351830832 0.003924557309578536
0.1441259325506543 -0.9742090824040339 -0.6849874351830832 0.003924557309578536
0.1441259325506543 -0.48492941496353714 -0.9742090824040339 0.003924557309578536
-0.48492941496353714 0.1441259325506543 -0.9742090824040339 0.003924557309578536
-0.6849874351830832 -0.48492941496353714 -0.9742090824040339 0.003924557309578536
-0.6849874351830832 0.1441259325506543 -0.9742090824040339 0.003924557309578536
-0.48492941496353714 -0.6849874351830832 -0.9742090824040339 0.003924557309578536
0.1441259325506543 -0.6849874351830832 -0.9742090824040339 0.003924557309578536
-0.6938072775557265 0.19657432369990957 -0.6325483487823094 0.004605459406414085
-0.6938072775557265 -0.6325483487823094 0.19657432369990957 0.004605459406414085
0.19657432369990957 -0.6938072775557265 -0.6325483487823094 0.004605459406414085
-0.6325483487823094 -0.6938072775557265 0.19657432369990957 0.004605459406414085
0.19657432369990957 -0.6325483487823094 -0.6938072775557265 0.004605459406414085
-0.6325483487823094 0.19657432369990957 -0.6938072775557265 0.004605459406414085
-0.8702186973618736 0.19657432369990957 -0.6325483487823094 0.004605459406414085
-0.8702186973618736 -0.6325483487823094 0.19657432369990957 0.004605459406414085
-0.8702186973618736 -0.6938072775557265 -0.6325483487823094 0.004605459406414085
-0.8702186973618736 -0.6938072775557265 0.19657432369990957 0.004605459406414085
-0.8702186973618736 -0.6325483487823094 -0.6938072775557265 0.004605459406414085
-0.8702186973618736 0.19657432369990957 -0.6938072775557265 0.004605459406414085
0.19657432369990957 -0.8702186973618736 -0.6325483487823094 0.004605459406414085
-0.6325483487823094 -0.8702186973618736 0.19657432369990957 0.004605459406414085
-0.6938072775557265 -0.8702186973618736 -0.6325483487823094 0.004605459406414085
-0.6938072775557265 -0.8702186973618736 0.19657432369990957 0.004605459406414085
-0.6325483487823094 -0.8702186973618736 -0.6938072775557265 0.004605459406414085
0.19657432369990957 -0.8702186973618736 -0.6938072775557265 0.004605459406414085
0.19657432369990957 -0.6325483487823094 -0.8702186973618736 0.004605459406414085
-0.6325483487823094 0.19657432369990957 -0.8702186973618736 0.004605459406414085
-0.6938072775557265 -0.6325483487823094 -0.8702186973618736 0.004605459406414085
-0.6938072775557265 0.19657432369990957 -0.8702186973618736 0.004605459406414085
-0.6325483487823094 -0.6938072775557265 -0.8702186973618736 0.004605459406414085
0.19657432369990957 -0.6938072775557265 -0.8702186973618736 0.004605459406414085
-0.9766899940590678 -0.825578441564555 0.708113111148551 0.001098818055303676
-0.9766899940590678 0.708113111148551 -0.825578441564555 0.001098818055303676
-0.825578441564555 -0.9766899940590678 0.708113111148551 0.001098818055303676
0.708113111148551 -0.9766899940590678 -0.825578441564555 0.001098818055303676
-0.825578441564555 0.708113111148551 -0.9766899940590678 0.001098818055303676
0.708113111148551 -0.825578441564555 -0.9766899940590678 0.001098818055303676
-0.9058446755249284 -0.825578441564555 0.708113111148551 0.001098818055303676
-0.9058446755249284 0.708113111148551 -0.825578441564555 0.001098818055303676
-0.9058446755249284 -0.9766899940590678 0.708113111148551 0.001098818055303676
-0.9058446755249284 -0.9766899940590678 -0.825578441564555 0.001098818055303676
-0.9058446755249284 0.708113111148551 -0.9766899940590678 0.001098818055303676
-0.9058446755249284 -0.825578441564555 -0.9766899940590678 0.001098818055303676
-0.825578441564555 -0.9058446755249284 0.708113111148551 0.001098818055303676
0.708113111148551 -0.9058446755249284 -0.825578441564555 0.001098818055303676
-0.9766899940590678 -0.9058446755249284 0.708113111148551 0.001098818055303676
-0.9766899940590678 -0.9058446755249284 -0.825578441564555 0.001098818055303676
0.708113111148551 -0.9058446755249284 -0.9766899940590678 0.001098818055303676
-0.825578441564555 -0.9058446755249284 -0.9766899940590678 0.001098818055303676
-0.825578441564555 0.708113111148551 -0.9058446755249284 0.001098818055303676
0.708113111148551 -0.825578441564555 -0.9058446755249284 0.001098818055303676
-0.9766899940590678 0.708113111148551 -0.9058446755249284 0.001098818055303676
-0.9766899940590678 -0.825578441564555 -0.9058446755249284 0.001098818055303676
0.708113111148551 -0.9766899940590678 -0.9058446755249284 0.001098818055303676
-0.825578441564555 -0.9766899940590678 -0.9058446755249284 0.001098818055303676
-0.18293421796734877 -0.17244006386761712 -0.6655859045653023 0.00184472317089358
-0.18293421796734877 -0.6655859045653023 -0.17244006386761712 0.00184472317089358
-0.17244006386761712 -0.18293421796734877 -0.6655859045653023 0.00184472317089358
-0.6655859045653023 -0.18293421796734877 -0.17244006386761712 0.00184472317089358
-0.17244006386761712 -0.6655859045653023 -0.18293421796734877 0.00184472317089358
-0.6655859045653023 -0.17244006386761712 -0.18293421796734877 0.00184472317089358
-0.9790398135997317 -0.17244006386761712 -0.6655859045653023 0.00184472317089358
-0.9790398135997317 -0.6655859045653023 -0.17244006386761712 0.00184472317089358
-0.9790398135997317 -0.18293421796734877 -0.6655859045653023 0.00184472317089358
-0.9790398135997317 -0.18293421796734877 -0.17244006386761712 0.00184472317089358
-0.9790398135997317 -0.6655859045653023 -0.18293421796734877 0.00184472317089358
-0.9790398135997317 -0.17244006386761712 -0.18293421796734877 0.00184472317089358
-0.17244006386761712 -0.9790398135997317 -0.6655859045653023 0.00184472317089358
-0.6655859045653023 -0.9790398135997317 -0.17244006386761712 0.00184472317089358
-0.18293421796734877 -0.9790398135997317 -0.6655859045653023 0.00184472317089358
-0.18293421796734877 -0.9790398135997317 -0.17244006386761712 0.00184472317089358
-0.6655859045653023 -0.9790398135997317 -0.18293421796734877 0.00184472317089358
-0.17244006386761712 -0.9790398135997317 -0.18293421796734877 0.00184472317089358
-0.17244006386761712 -0.6655859045653023 -0.9790398135997317 0.00184472317089358
-0.6655859045653023 -0.17244006386761712 -0.9790398135997317 0.00184472317089358
-0.18293421796734877 -0.6655859045653023 -0.9790398135997317 0.00184472317089358
-0.18293421796734877 -0.17244006386761712 -0.9790398135997317 0.00184472317089358
-0.6655859045653023 -0.18293421796734877 -0.9790398135997317 0.00184472317089358
-0.17244006386761712 -0.18293421796734877 -0.9790398135997317 0.00184472317089358
-0.9766413540150607 -0.21900208325611503 0.04843152388568295 0.0023752603145687176
-0.9766413540150607 0.04843152388568295 -0.21900208325611503 0.0023752603145687176
-0.21900208325611503 -0.9766413540150607 0.04843152388568295 0.0023752603145687176
0.04843152388568295 -0.9766413540150607 -0.21900208325611503 0.0023752603145687176
-0.21900208325611503 0.04843152388568295 -0.9766413540150607 0.0023752603145687176
0.04843152388568295 -0.21900208325611503 -0.9766413540150607 0.0023752603145687176
-0.8527880866145072 -0.21900208325611503 0.04843152388568295 0.0023752603145687176
-0.8527880866145072 0.04843152388568295 -0.21900208325611503 0.0023752603145687176
-0.8527880866145072 -0.9766413540150607 0.04843152388568295 0.0023752603145687176
-0.8527880866145072 -0.9766413540150607 -0.21900208325611503 0.0023752603145687176
-0.8527880866145072 0.04843152388568295 -0.9766413540150607 0.0023752603145687176
-0.8527880866145072 -0.21900208325611503 -0.9766413540150607 0.0023752603145687176
-0.21900208325611503 -0.8527880866145072 0.04843152388568295 0.0023752603145687176
0.04843152388568295 -0.8527880866145072 -0.21900208325611503 0.0023752603145687176
-0.9766413540150607 -0.8527880866145072 0.04843152388568295 0.0023752603145687176
-0.9766413540150607 -0.8527880866145072 -0.21900208325611503 0.0023752603145687176
0.04843152388568295 -0.8527880866145072 -0.9766413540150607 0.0023752603145687176
-0.21900208325611503 -0.8527880866145072 -0.9766413540150607 0.0023752603145687176
-0.21900208325611503 0.04843152388568295 -0.8527880866145072 0.0023752603145687176
0.04843152388568295 -0.21900208325611503 -0.8527880866145072 0.0023752603145687176
-0.9766413540150607 0.04843152388568295 -0.8527880866145072 0.0023752603145687176
-0.9766413540150607 -0.21900208325611503 -0.8527880866145072 0.0023752603145687176
0.04843152388568295 -0.9766413540150607 -0.8527880866145072 0.0023752603145687176
-0.21900208325611503 -0.9766413540150607 -0.8527880866145072 0.0023752603145687176
-0.983672639257534 0.5470034807069435 -0.6142394606980093 0.0009292421801335202
-0.983672639257534 -0.6142394606980093 0.5470034807069435 0.0009292421801335202
0.5470034807069435 -0.983672639257534 -0.6142394606980093 0.0009292421801335202
-0.6142394606980093 -0.983672639257534 0.5470034807069435 0.0009292421801335202
0.5470034807069435 -0.6142394606980093 -0.983672639257534 0.0009292421801335202
-0.6142394606980093 0.5470034807069435 -0.983672639257534 0.0009292421801335202
-0.9490913807514002 0.5470034807069435 -0.6142394606980093 0.0009292421801335202
-0.9490913807514002 -0.6142394606980093 0.5470034807069435 0.0009292421801335202
-0.9490913807514002 -0.983672639257534 -0.6142394606980093 0.0009292421801335202
-0.9490913807514002 -0.983672639257534 0.5470034807069435 0.0009292421801335202
-0.9490913807514002 -0.6142394606980093 -0.983672639257534 0.0009292421801335202
-0.9490913807514002 0.5470034807069435 -0.983672639257534 0.0009292421801335202
0.5470034807069435 -0.9490913807514002 -0.6142394606980093 0.0009292421801335202
-0.6142394606980093 -0.9490913807514002 0.5470034807069435 0.0009292421801335202
-0.983672639257534 -0.9490913807514002 -0.6142394606980093 0.0009292421801335202
-0.983672639257534 -0.9490913807514002 0.5470034807069435 0.0009292421801335202
-0.6142394606980093 -0.9490913807514002 -0.983672639257534 0.0009292421801335202
0.5470034807069435 -0.9490913807514002 -0.983672639257534 0.0009292421801335202
0.5470034807069435 -0.6142394606980093 -0.9490913807514002 0.0009292421801335202
-0.6142394606980093 0.5470034807069435 -0.9490913807514002 0.0009292421801335202
-0.983672639257534 -0.6142394606980093 -0.9490913807514002 0.0009292421801335202
-0.983672639257534 0.5470034807069435 -0.9490913807514002 0.0009292421801335202
-0.6142394606980093 -0.983672639257534 -0.9490913807514002 0.0009292421801335202
0.5470034807069435 -0.983672639257534 -0.9490913807514002 0.0009292421801335202
-0.6940227889936497 -0.8879311901118369 -0.0634433147465221 0.007630517869188808
-0.6940227889936497 -0.0634433147465221 -0.8879311901118369 0.007630517869188808
-0.8879311901118369 -0.6940227889936497 -0.0634433147465221 0.007630517869188808
-0.0634433147465221 -0.6940227889936497 -0.8879311901118369 0.007630517869188808
-0.8879311901118369 -0.0634433147465221 -0.6940227889936497 0.007630517869188808
-0.0634433147465221 -0.8879311901118369 -0.6940227889936497 0.007630517869188808
-0.3546027061479914 -0.8879311901118369 -0.0634433147465221 0.007630517869188808
-0.3546027061479914 -0.0634433147465221 -0.8879311901118369 0.007630517869188808
-0.3546027061479914 -0.6940227889936497 -0.0634433147465221 0.007630517869188808
-0.3546027061479914 -0.6940227889936497 -0.8879311901118369 0.007630517869188808
-0.3546027061479914 -0.0634433147465221 -0.6940227889936497 0.007630517869188808
-0.3546027061479914 -0.8879311901118369 -0.6940227889936497 0.007630517869188808
-0.8879311901118369 -0.3546027061479914 -0.0634433147465221 0.007630517869188808
-0.0634433147465221 -0.3546027061479914 -0.8879311901118369 0.007630517869188808
-0.6940227889936497 -0.3546027061479914 -0.0634433147465221 0.007630517869188808
-0.6940227889936497 -0.3546027061479914 -0.8879311901118369 0.007630517869188808
-0.0634433147465221 -0.3546027061479914 -0.6940227889936497 0.007630517869188808
-0.8879311901118369 -0.3546027061479914 -0.6940227889936497 0.007630517869188808
-0.8879311901118369 -0.0634433147465221 -0.3546027061479914 0.007630517869188808
-0.0634433147465221 -0.8879311901118369 -0.3546027061479914 0.007630517869188808
-0.6940227889936497 -0.0634433147465221 -0.3546027061479914 0.007630517869188808
-0.6940227889936497 -0.8879311901118369 -0.3546027061479914 0.007630517869188808
-0.0634433147465221 -0.6940227889936497 -0.3546027061479914 0.007630517869188808
-0.8879311901118369 -0.6940227889936497 -0.3546027061479914 0.007630517869188808
