-0.3406570523118787 -0.3406570523118787 -0.3406570523118787 0.005379838582985161
-0.9780288430643638 -0.3406570523118787 -0.3406570523118787 0.005379838582985161
-0.3406570523118787 -0.9780288430643638 -0.3406570523118787 0.005379838582985161
-0.3406570523118787 -0.3406570523118787 -0.9780288430643638 0.005379838582985161
-0.7759157911652425 -0.7759157911652425 -0.7759157911652425 0.007017904010730171
0.32774737349572725 -0.7759157911652425 -0.7759157911652425 0.007017904010730171
-0.7759157911652425 0.32774737349572725 -0.7759157911652425 0.007017904010730171
-0.7759157911652425 -0.7759157911652425 0.32774737349572725 0.007017904010730171
-0.4391079481778142 -0.4391079481778142 -0.4391079481778142 0.014381854758103517
-0.6826761554665575 -0.4391079481778142 -0.4391079481778142 0.014381854758103517
-0.4391079481778142 -0.6826761554665575 -0.4391079481778142 0.014381854758103517
-0.4391079481778142 -0.4391079481778142 -0.6826761554665575 0.014381854758103517
-0.9211567111184766 -0.9211567111184766 -0.9211567111184766 0.002523120038707996
0.7634701333554301 -0.9211567111184766 -0.9211567111184766 0.002523120038707996
-0.9211567111184766 0.7634701333554301 -0.9211567111184766 0.002523120038707996
-0.9211567111184766 -0.9211567111184766 0.7634701333554301 0.002523120038707996
-0.14983483712953516 -0.850165162870465 -0.850165162870465 0.008019348004000611
-0.850165162870465 -0.14983483712953516 -0.850165162870465 0.008019348004000611
-0.14983483712953516 -0.14983483712953516 -0.850165162870465 0.008019348004000611
-0.850165162870465 -0.850165162870465 -0.14983483712953516 0.008019348004000611
-0.14983483712953516 -0.850165162870465 -0.14983483712953516 0.008019348004000611
-0.850165162870465 -0.14983483712953516 -0.14983483712953516 0.008019348004000611
-0.6713862059112692 -0.3286137940887308 -0.3286137940887308 0.011589588310497364
-0.3286137940887308 -0.6713862059112692 -0.3286137940887308 0.011589588310497364
-0.6713862059112692 -0.6713862059112692 -0.3286137940887308 0.011589588310497364
-0.3286137940887308 -0.3286137940887308 -0.6713862059112692 0.011589588310497364
-0.6713862059112692 -0.3286137940887308 -0.6713862059112692 0.011589588310497364
-0.3286137940887308 -0.6713862059112692 -0.6713862059112692 0.011589588310497364
0.5293741351603607 -0.9019020248088665 -0.9019020248088665 0.004676831047713324
-0.9019020248088665 0.5293741351603607 -0.9019020248088665 0.004676831047713324
-0.9019020248088665 -0.9019020248088665 0.5293741351603607 0.004676831047713324
-0.7255700855426278 -0.9019020248088665 -0.9019020248088665 0.004676831047713324
-0.7255700855426278 0.5293741351603607 -0.9019020248088665 0.004676831047713324
-0.7255700855426278 -0.9019020248088665 0.5293741351603607 0.004676831047713324
-0.9019020248088665 -0.7255700855426278 -0.9019020248088665 0.004676831047713324
0.5293741351603607 -0.7255700855426278 -0.9019020248088665 0.004676831047713324
-0.9019020248088665 -0.7255700855426278 0.5293741351603607 0.004676831047713324
-0.9019020248088665 -0.9019020248088665 -0.7255700855426278 0.004676831047713324
0.5293741351603607 -0.9019020248088665 -0.7255700855426278 0.004676831047713324
-0.9019020248088665 0.5293741351603607 -0.7255700855426278 0.004676831047713324
-0.5343463908211498 -0.9717478086338149 -0.9717478086338149 0.001584883031092264
-0.9717478086338149 -0.5343463908211498 -0.9717478086338149 0.001584883031092264
-0.9717478086338149 -0.9717478086338149 -0.5343463908211498 0.001584883031092264
0.47784200808877975 -0.9717478086338149 -0.9717478086338149 0.001584883031092264
0.47784200808877975 -0.5343463908211498 -0.9717478086338149 0.001584883031092264
0.47784200808877975 -0.9717478086338149 -0.5343463908211498 0.001584883031092264
-0.9717478086338149 0.47784200808877975 -0.9717478086338149 0.001584883031092264
-0.5343463908211498 0.47784200808877975 -0.9717478086338149 0.001584883031092264
-0.9717478086338149 0.47784200808877975 -0.5343463908211498 0.001584883031092264
-0.9717478086338149 -0.9717478086338149 0.47784200808877975 0.001584883031092264
-0.5343463908211498 -0.9717478086338149 0.47784200808877975 0.001584883031092264
-0.9717478086338149 -0.5343463908211498 0.47784200808877975 0.001584883031092264
-0.43351646338441063 -0.8752069588369135 -0.8752069588369135 0.0057936337526222235
-0.8752069588369135 -0.43351646338441063 -0.8752069588369135 0.0057936337526222235
-0.8752069588369135 -0.8752069588369135 -0.43351646338441063 0.0057936337526222235
0.18393038105823756 -0.8752069588369135 -0.8752069588369135 0.0057936337526222235
0.18393038105823756 -0.43351646338441063 -0.8752069588369135 0.0057936337526222235
0.18393038105823756 -0.8752069588369135 -0.43351646338441063 0.0057936337526222235
-0.8752069588369135 0.18393038105823756 -0.8752069588369135 0.0057936337526222235
-0.43351646338441063 0.18393038105823756 -0.8752069588369135 0.0057936337526222235
-0.8752069588369135 0.18393038105823756 -0.43351646338441063 0.0057936337526222235
-0.8752069588369135 -0.8752069588369135 0.18393038105823756 0.0057936337526222235
-0.43351646338441063 -0.8752069588369135 0.18393038105823756 0.0057936337526222235
-0.8752069588369135 -0.43351646338441063 0.18393038105823756 0.0057936337526222235
-0.9743362518877635 -0.621808144860688 -0.621808144860688 0.0035475820936042217
-0.621808144860688 -0.9743362518877635 -0.621808144860688 0.0035475820936042217
-0.621808144860688 -0.621808144860688 -0.9743362518877635 0.0035475820936042217
0.21795254160913968 -0.621808144860688 -0.621808144860688 0.0035475820936042217
0.21795254160913968 -0.9743362518877635 -0.621808144860688 0.0035475820936042217
0.21795254160913968 -0.621808144860688 -0.9743362518877635 0.0035475820936042217
-0.621808144860688 0.21795254160913968 -0.621808144860688 0.0035475820936042217
-0.9743362518877635 0.21795254160913968 -0.621808144860688 0.0035475820936042217
-0.621808144860688 0.21795254160913968 -0.9743362518877635 0.0035475820936042217
-0.621808144860688 -0.621808144860688 0.21795254160913968 0.0035475820936042217
-0.9743362518877635 -0.621808144860688 0.21795254160913968 0.0035475820936042217
-0.621808144860688 -0.9743362518877635 0.21795254160913968 0.0035475820936042217
-0.22545807936101936 -0.4499647997409112 -0.4499647997409112 0.007404232402832018
-0.4499647997409112 -0.22545807936101936 -0.4499647997409112 0.007404232402832018
-0.4499647997409112 -0.4499647997409112 -0.22545807936101936 0.007404232402832018
-0.8746123211571581 -0.4499647997409112 -0.4499647997409112 0.007404232402832018
-0.8746123211571581 -0.22545807936101936 -0.4499647997409112 0.007404232402832018
-0.8746123211571581 -0.4499647997409112 -0.22545807936101936 0.007404232402832018
-0.4499647997409112 -0.8746123211571581 -0.4499647997409112 0.007404232402832018
-0.22545807936101936 -0.8746123211571581 -0.4499647997409112 0.007404232402832018
-0.4499647997409112 -0.8746123211571581 -0.22545807936101936 0.007404232402832018
-0.4499647997409112 -0.4499647997409112 -0.8746123211571581 0.007404232402832018
-0.22545807936101936 -0.4499647997409112 -0.8746123211571581 0.007404232402832018
-0.4499647997409112 -0.22545807936101936 -0.8746123211571581 0.007404232402832018
-0.9255238812895291 -0.9881102034948601 -0.9881102034948601 0.00020419085405277437
-0.9881102034948601 -0.9255238812895291 -0.9881102034948601 0.00020419085405277437
-0.9881102034948601 -0.9881102034948601 -0.9255238812895291 0.00020419085405277437
0.9017442882792495 -0.9881102034948601 -0.9881102034948601 0.00020419085405277437
0.9017442882792495 -0.9255238812895291 -0.9881102034948601 0.00020419085405277437
0.9017442882792495 -0.9881102034948601 -0.9255238812895291 0.00020419085405277437
-0.9881102034948601 0.9017442882792495 -0.9881102034948601 0.00020419085405277437
-0.9255238812895291 0.9017442882792495 -0.9881102034948601 0.00020419085405277437
-0.9881102034948601 0.9017442882792495 -0.9255238812895291 0.00020419085405277437
-0.9881102034948601 -0.9881102034948601 0.9017442882792495 0.00020419085405277437
-0.9255238812895291 -0.9881102034948601 0.9017442882792495 0.00020419085405277437
-0.9881102034948601 -0.9255238812895291 0.9017442882792495 0.00020419085405277437
0.4965882156617718 -0.7633883857800111 -0.7633883857800111 0.002974938848954239
-0.7633883857800111 0.4965882156617718 -0.7633883857800111 0.002974938848954239
-0.7633883857800111 -0.7633883857800111 0.4965882156617718 0.002974938848954239
-0.9698114441017496 -0.7633883857800111 -0.7633883857800111 0.002974938848954239
-0.9698114441017496 0.4965882156617718 -0.7633883857800111 0.002974938848954239
-0.9698114441017496 -0.7633883857800111 0.4965882156617718 0.002974938848954239
-0.7633883857800111 -0.9698114441017496 -0.7633883857800111 0.002974938848954239
0.4965882156617718 -0.9698114441017496 -0.7633883857800111 0.002974938848954239
-0.7633883857800111 -0.9698114441017496 0.4965882156617718 0.002974938848954239
-0.7633883857800111 -0.7633883857800111 -0.9698114441017496 0.002974938848954239
0.4965882156617718 -0.7633883857800111 -0.9698114441017496 0.002974938848954239
-0.7633883857800111 0.4965882156617718 -0.9698114441017496 0.002974938848954239
0.029271577577679064 -0.83976307744255 -0.9711127229727131 0.00329650287499996
0.029271577577679064 -0.9711127229727131 -0.83976307744255 0.00329650287499996
-0.83976307744255 0.029271577577679064 -0.9711127229727131 0.00329650287499996
-0.9711127229727131 0.029271577577679064 -0.83976307744255 0.00329650287499996
-0.83976307744255 -0.9711127229727131 0.029271577577679064 0.00329650287499996
-0.9711127229727131 -0.83976307744255 0.029271577577679064 0.00329650287499996
-0.21839577716241587 -0.83976307744255 -0.9711127229727131 0.00329650287499996
-0.21839577716241587 -0.9711127229727131 -0.83976307744255 0.00329650287499996
-0.21839577716241587 0.029271577577679064 -0.9711127229727131 0.00329650287499996
-0.21839577716241587 0.029271577577679064 -0.83976307744255 0.00329650287499996
-0.21839577716241587 -0.9711127229727131 0.029271577577679064 0.00329650287499996
-0.21839577716241587 -0.83976307744255 0.029271577577679064 0.00329650287499996
-0.83976307744255 -0.21839577716241587 -0.9711127229727131 0.00329650287499996
-0.9711127229727131 -0.21839577716241587 -0.83976307744255 0.00329650287499996
0.029271577577679064 -0.21839577716241587 -0.9711127229727131 0.00329650287499996
0.029271577577679064 -0.21839577716241587 -0.83976307744255 0.00329650287499996
-0.9711127229727131 -0.21839577716241587 0.029271577577679064 0.00329650287499996
-0.83976307744255 -0.21839577716241587 0.029271577577679064 0.00329650287499996
-0.83976307744255 -0.9711127229727131 -0.21839577716241587 0.00329650287499996
-0.9711127229727131 -0.83976307744255 -0.21839577716241587 0.00329650287499996
0.029271577577679064 -0.9711127229727131 -0.21839577716241587 0.00329650287499996
0.029271577577679064 -0.83976307744255 -0.21839577716241587 0.00329650287499996
-0.9711127229727131 0.029271577577679064 -0.21839577716241587 0.00329650287499996
-0.83976307744255 0.029271577577679064 -0.21839577716241587 0.00329650287499996
-0.6708521063241804 -0.37948290027454545 -0.08956685986054158 0.008794830522423901
-0.6708521063241804 -0.08956685986054158 -0.37948290027454545 0.008794830522423901
-0.37948290027454545 -0.6708521063241804 -0.08956685986054158 0.008794830522423901
-0.08956685986054158 -0.6708521063241804 -0.37948290027454545 0.008794830522423901
-0.37948290027454545 -0.08956685986054158 -0.6708521063241804 0.008794830522423901
-0.08956685986054158 -0.37948290027454545 -0.6708521063241804 0.008794830522423901
-0.8600981335407326 -0.37948290027454545 -0.08956685986054158 0.008794830522423901
-0.8600981335407326 -0.08956685986054158 -0.37948290027454545 0.008794830522423901
-0.8600981335407326 -0.6708521063241804 -0.08956685986054158 0.008794830522423901
-0.8600981335407326 -0.6708521063241804 -0.37948290027454545 0.008794830522423901
-0.8600981335407326 -0.08956685986054158 -0.6708521063241804 0.008794830522423901
-0.8600981335407326 -0.37948290027454545 -0.6708521063241804 0.008794830522423901
-0.37948290027454545 -0.8600981335407326 -0.08956685986054158 0.008794830522423901
-0.08956685986054158 -0.8600981335407326 -0.37948290027454545 0.008794830522423901
-0.6708521063241804 -0.8600981335407326 -0.08956685986054158 0.008794830522423901
-0.6708521063241804 -0.8600981335407326 -0.37948290027454545 0.008794830522423901
-0.08956685986054158 -0.8600981335407326 -0.6708521063241804 0.008794830522423901
-0.37948290027454545 -0.8600981335407326 -0.6708521063241804 0.008794830522423901
-0.37948290027454545 -0.08956685986054158 -0.8600981335407326 0.008794830522423901
-0.08956685986054158 -0.37948290027454545 -0.8600981335407326 0.008794830522423901
-0.6708521063241804 -0.08956685986054158 -0.8600981335407326 0.008794830522423901
-0.6708521063241804 -0.37948290027454545 -0.8600981335407326 0.008794830522423901
-0.08956685986054158 -0.6708521063241804 -0.8600981335407326 0.008794830522423901
-0.37948290027454545 -0.6708521063241804 -0.8600981335407326 0.008794830522423901
-0.9312826409970861 -0.782951839614203 -0.9971969178298612 0.0008005798756929895
-0.9312826409970861 -0.9971969178298612 -0.782951839614203 0.0008005798756929895
-0.782951839614203 -0.9312826409970861 -0.9971969178298612 0.0008005798756929895
-0.9971969178298612 -0.9312826409970861 -0.782951839614203 0.0008005798756929895
-0.782951839614203 -0.9971969178298612 -0.9312826409970861 0.0008005798756929895
-0.9971969178298612 -0.782951839614203 -0.9312826409970861 0.0008005798756929895
0.7114313984411504 -0.782951839614203 -0.9971969178298612 0.0008005798756929895
0.7114313984411504 -0.9971969178298612 -0.782951839614203 0.0008005798756929895
0.7114313984411504 -0.9312826409970861 -0.9971969178298612 0.0008005798756929895
0.7114313984411504 -0.9312826409970861 -0.782951839614203 0.0008005798756929895
0.7114313984411504 -0.9971969178298612 -0.9312826409970861 0.0008005798756929895
0.7114313984411504 -0.782951839614203 -0.9312826409970861 0.0008005798756929895
-0.782951839614203 0.7114313984411504 -0.9971969178298612 0.0008005798756929895
-0.9971969178298612 0.7114313984411504 -0.782951839614203 0.0008005798756929895
-0.9312826409970861 0.7114313984411504 -0.9971969178298612 0.0008005798756929895
-0.9312826409970861 0.7114313984411504 -0.782951839614203 0.0008005798756929895
-0.9971969178298612 0.7114313984411504 -0.9312826409970861 0.0008005798756929895
-0.782951839614203 0.7114313984411504 -0.9312826409970861 0.0008005798756929895
-0.782951839614203 -0.9971969178298612 0.7114313984411504 0.0008005798756929895
-0.9971969178298612 -0.782951839614203 0.7114313984411504 0.0008005798756929895
-0.9312826409970861 -0.9971969178298612 0.7114313984411504 0.0008005798756929895
-0.9312826409970861 -0.782951839614203 0.7114313984411504 0.0008005798756929895
-0.9971969178298612 -0.9312826409970861 0.7114313984411504 0.0008005798756929895
-0.782951839614203 -0.9312826409970861 0.7114313984411504 0.0008005798756929895
0.32506350897010194 -0.5032350024370091 -0.8437949755083908 0.0029897746625020365
0.32506350897010194 -0.8437949755083908 -0.5032350024370091 0.0029897746625020365
-0.5032350024370091 0.32506350897010194 -0.8437949755083908 0.0029897746625020365
-0.8437949755083908 0.32506350897010194 -0.5032350024370091 0.0029897746625020365
-0.5032350024370091 -0.8437949755083908 0.32506350897010194 0.0029897746625020365
-0.8437949755083908 -0.5032350024370091 0.32506350897010194 0.0029897746625020365
-0.978033531024702 -0.5032350024370091 -0.8437949755083908 0.0029897746625020365
-0.978033531024702 -0.8437949755083908 -0.5032350024370091 0.0029897746625020365
-0.978033531024702 0.32506350897010194 -0.8437949755083908 0.0029897746625020365
-0.978033531024702 0.32506350897010194 -0.5032350024370091 0.0029897746625020365
-0.978033531024702 -0.8437949755083908 0.32506350897010194 0.0029897746625020365
-0.978033531024702 -0.5032350024370091 0.32506350897010194 0.0029897746625020365
-0.5032350024370091 -0.978033531024702 -0.8437949755083908 0.0029897746625020365
-0.8437949755083908 -0.978033531024702 -0.5032350024370091 0.0029897746625020365
0.32506350897010194 -0.978033531024702 -0.8437949755083908 0.0029897746625020365
0.32506350897010194 -0.978033531024702 -0.5032350024370091 0.0029897746625020365
-0.8437949755083908 -0.978033531024702 0.32506350897010194 0.0029897746625020365
-0.5032350024370091 -0.978033531024702 0.32506350897010194 0.0029897746625020365
-0.5032350024370091 -0.8437949755083908 -0.978033531024702 0.0029897746625020365
-0.8437949755083908 -0.5032350024370091 -0.978033531024702 0.0029897746625020365
0.32506350897010194 -0.8437949755083908 -0.978033531024702 0.0029897746625020365
0.32506350897010194 -0.5032350024370091 -0.978033531024702 0.0029897746625020365
-0.8437949755083908 0.32506350897010194 -0.978033531024702 0.0029897746625020365
-0.5032350024370091 0.32506350897010194 -0.978033531024702 0.0029897746625020365
-0.9754620264398697 -0.207981757786593 0.14588003523451243 0.0010992563149962449
-0.9754620264398697 0.14588003523451243 -0.207981757786593 0.0010992563149962449
-0.207981757786593 -0.9754620264398697 0.14588003523451243 0.0010992563149962449
0.14588003523451243 -0.9754620264398697 -0.207981757786593 0.0010992563149962449
-0.207981757786593 0.14588003523451243 -0.9754620264398697 0.0010992563149962449
0.14588003523451243 -0.207981757786593 -0.9754620264398697 0.0010992563149962449
-0.9624362510080497 -0.207981757786593 0.14588003523451243 0.0010992563149962449
-0.9624362510080497 0.14588003523451243 -0.207981757786593 0.0010992563149962449
-0.9624362510080497 -0.9754620264398697 0.14588003523451243 0.0010992563149962449
-0.9624362510080497 -0.9754620264398697 -0.207981757786593 0.0010992563149962449
-0.9624362510080497 0.14588003523451243 -0.9754620264398697 0.0010992563149962449
-0.9624362510080497 -0.207981757786593 -0.9754620264398697 0.0010992563149962449
-0.207981757786593 -0.9624362510080497 0.14588003523451243 0.0010992563149962449
0.14588003523451243 -0.9624362510080497 -0.207981757786593 0.0010992563149962449
-0.9754620264398697 -0.9624362510080497 0.14588003523451243 0.0010992563149962449
-0.9754620264398697 -0.9624362510080497 -0.207981757786593 0.0010992563149962449
0.14588003523451243 -0.9624362510080497 -0.9754620264398697 0.0010992563149962449
-0.207981757786593 -0.9624362510080497 -0.9754620264398697 0.0010992563149962449
-0.207981757786593 0.14588003523451243 -0.9624362510080497 0.0010992563149962449
0.14588003523451243 -0.207981757786593 -0.9624362510080497 0.0010992563149962449
-0.9754620264398697 0.14588003523451243 -0.9624362510080497 0.0010992563149962449
-0.9754620264398697 -0.207981757786593 -0.9624362510080497 0.0010992563149962449
0.14588003523451243 -0.9754620264398697 -0.9624362510080497 0.0010992563149962449
-0.207981757786593 -0.9754620264398697 -0.9624362510080497 0.0010992563149962449
-0.589079001735179 -0.8726496760572539 0.18923877601525385 0.005850687780357214
-0.589079001735179 0.18923877601525385 -0.8726496760572539 0.005850687780357214
-0.8726496760572539 -0.589079001735179 0.18923877601525385 0.005850687780357214
0.18923877601525385 -0.589079001735179 -0.8726496760572539 0.005850687780357214
-0.8726496760572539 0.18923877601525385 -0.589079001735179 0.005850687780357214
0.18923877601525385 -0.8726496760572539 -0.589079001735179 0.005850687780357214
-0.7275100982228209 -0.8726496760572539 0.18923877601525385 0.005850687780357214
-0.7275100982228209 0.18923877601525385 -0.8726496760572539 0.005850687780357214
-0.7275100982228209 -0.589079001735179 0.18923877601525385 0.005850687780357214
-0.7275100982228209 -0.589079001735179 -0.8726496760572539 0.005850687780357214
-0.7275100982228209 0.18923877601525385 -0.589079001735179 0.005850687780357214
-0.7275100982228209 -0.8726496760572539 -0.589079001735179 0.005850687780357214
-0.8726496760572539 -0.7275100982228209 0.18923877601525385 0.005850687780357214
0.18923877601525385 -0.7275100982228209 -0.8726496760572539 0.005850687780357214
-0.589079001735179 -0.7275100982228209 0.18923877601525385 0.005850687780357214
-0.589079001735179 -0.7275100982228209 -0.8726496760572539 0.005850687780357214
0.18923877601525385 -0.7275100982228209 -0.589079001735179 0.005850687780357214
-0.8726496760572539 -0.7275100982228209 -0.589079001735179 0.005850687780357214
-0.8726496760572539 0.18923877601525385 -0.7275100982228209 0.005850687780357214
0.18923877601525385 -0.8726496760572539 -0.7275100982228209 0.005850687780357214
-0.589079001735179 0.18923877601525385 -0.7275100982228209 0.005850687780357214
-0.589079001735179 -0.8726496760572539 -0.7275100982228209 0.005850687780357214
0.18923877601525385 -0.589079001735179 -0.7275100982228209 0.005850687780357214
-0.8726496760572539 -0.589079001735179 -0.7275100982228209 0.005850687780357214
-0.0778642278406011 -0.6484699067721791 -0.5511730073096703 0.004605704567654616
-0.0778642278406011 -0.5511730073096703 -0.6484699067721791 0.004605704567654616
-0.6484699067721791 -0.0778642278406011 -0.5511730073096703 0.004605704567654616
-0.5511730073096703 -0.0778642278406011 -0.6484699067721791 0.004605704567654616
-0.6484699067721791 -0.5511730073096703 -0.0778642278406011 0.004605704567654616
-0.5511730073096703 -0.6484699067721791 -0.0778642278406011 0.004605704567654616
-0.7224928580775494 -0.6484699067721791 -0.5511730073096703 0.004605704567654616
-0.7224928580775494 -0.5511730073096703 -0.6484699067721791 0.004605704567654616
-0.7224928580775494 -0.0778642278406011 -0.5511730073096703 0.004605704567654616
-0.7224928580775494 -0.0778642278406011 -0.6484699067721791 0.004605704567654616
-0.7224928580775494 -0.5511730073096703 -0.0778642278406011 0.004605704567654616
-0.7224928580775494 -0.6484699067721791 -0.0778642278406011 0.004605704567654616
-0.6484699067721791 -0.7224928580775494 -0.5511730073096703 0.004605704567654616
-0.5511730073096703 -0.7224928580775494 -0.6484699067721791 0.004605704567654616
-0.0778642278406011 -0.7224928580775494 -0.5511730073096703 0.004605704567654616
-0.0778642278406011 -0.7224928580775494 -0.6484699067721791 0.004605704567654616
-0.5511730073096703 -0.7224928580775494 -0.0778642278406011 0.004605704567654616
-0.6484699067721791 -0.7224928580775494 -0.0778642278406011 0.004605704567654616
-0.6484699067721791 -0.5511730073096703 -0.7224928580775494 0.004605704567654616
-0.5511730073096703 -0.6484699067721791 -0.7224928580775494 0.004605704567654616
-0.0778642278406011 -0.5511730073096703 -0.7224928580775494 0.004605704567654616
-0.0778642278406011 -0.6484699067721791 -0.7224928580775494 0.004605704567654616
-0.5511730073096703 -0.0778642278406011 -0.7224928580775494 0.004605704567654616
-0.6484699067721791 -0.0778642278406011 -0.7224928580775494 0.004605704567654616
-0.9731042277940074 -0.04401149359865908 -0.6271639399151325 0.005239052631114095
-0.9731042277940074 -0.6271639399151325 -0.04401149359865908 0.005239052631114095
-0.04401149359865908 -0.9731042277940074 -0.6271639399151325 0.005239052631114095
-0.6271639399151325 -0.9731042277940074 -0.04401149359865908 0.005239052631114095
-0.04401149359865908 -0.6271639399151325 -0.9731042277940074 0.005239052631114095
-0.6271639399151325 -0.04401149359865908 -0.9731042277940074 0.005239052631114095
-0.3557203386922009 -0.04401149359865908 -0.6271639399151325 0.005239052631114095
-0.3557203386922009 -0.6271639399151325 -0.04401149359865908 0.005239052631114095
-0.3557203386922009 -0.9731042277940074 -0.6271639399151325 0.005239052631114095
-0.3557203386922009 -0.9731042277940074 -0.04401149359865908 0.005239052631114095
-0.3557203386922009 -0.6271639399151325 -0.9731042277940074 0.005239052631114095
-0.3557203386922009 -0.04401149359865908 -0.9731042277940074 0.005239052631114095
-0.04401149359865908 -0.3557203386922009 -0.6271639399151325 0.005239052631114095
-0.6271639399151325 -0.3557203386922009 -0.04401149359865908 0.005239052631114095
-0.9731042277940074 -0.3557203386922009 -0.6271639399151325 0.005239052631114095
-0.9731042277940074 -0.3557203386922009 -0.04401149359865908 0.005239052631114095
-0.6271639399151325 -0.3557203386922009 -0.9731042277940074 0.005239052631114095
-0.04401149359865908 -0.3557203386922009 -0.9731042277940074 0.005239052631114095
-0.04401149359865908 -0.6271639399151325 -0.3557203386922009 0.005239052631114095
-0.6271639399151325 -0.04401149359865908 -0.3557203386922009 0.005239052631114095
-0.9731042277940074 -0.6271639399151325 -0.3557203386922009 0.005239052631114095
-0.9731042277940074 -0.04401149359865908 -0.3557203386922009 0.005239052631114095
-0.6271639399151325 -0.9731042277940074 -0.3557203386922009 0.005239052631114095
-0.04401149359865908 -0.9731042277940074 -0.3557203386922009 0.005239052631114095
