-0.5 -0.5 -0.5 0.0688678563414633
-0.8548964851651244 -0.8548964851651244 -0.8548964851651244 0.017957296895547016
0.5646894554953732 -0.8548964851651244 -0.8548964851651244 0.017957296895547016
-0.8548964851651244 0.5646894554953732 -0.8548964851651244 0.017957296895547016
-0.8548964851651244 -0.8548964851651244 0.5646894554953732 0.017957296895547016
-0.38420810426615426 -0.38420810426615426 -0.38420810426615426 0.03528922566625271
-0.8473756872015373 -0.38420810426615426 -0.38420810426615426 0.03528922566625271
-0.38420810426615426 -0.8473756872015373 -0.38420810426615426 0.03528922566625271
-0.38420810426615426 -0.38420810426615426 -0.8473756872015373 0.03528922566625271
-0.04743827921444188 -0.9525617207855581 -0.9525617207855581 0.0068093971041913665
-0.9525617207855581 -0.04743827921444188 -0.9525617207855581 0.0068093971041913665
-0.04743827921444188 -0.04743827921444188 -0.9525617207855581 0.0068093971041913665
-0.9525617207855581 -0.9525617207855581 -0.04743827921444188 0.0068093971041913665
-0.04743827921444188 -0.9525617207855581 -0.04743827921444188 0.0068093971041913665
-0.9525617207855581 -0.04743827921444188 -0.04743827921444188 0.0068093971041913665
-0.8068404538617855 -0.1931595461382145 -0.1931595461382145 0.03153332821099413
-0.1931595461382145 -0.8068404538617855 -0.1931595461382145 0.03153332821099413
-0.8068404538617855 -0.8068404538617855 -0.1931595461382145 0.03153332821099413
-0.1931595461382145 -0.1931595461382145 -0.8068404538617855 0.03153332821099413
-0.8068404538617855 -0.1931595461382145 -0.8068404538617855 0.03153332821099413
-0.1931595461382145 -0.8068404538617855 -0.8068404538617855 0.03153332821099413
-0.8522916379630276 -0.5965227863046403 -0.5965227863046403 0.033756488867957624
-0.5965227863046403 -0.8522916379630276 -0.5965227863046403 0.033756488867957624
-0.5965227863046403 -0.5965227863046403 -0.8522916379630276 0.033756488867957624
0.045337210572307995 -0.5965227863046403 -0.5965227863046403 0.033756488867957624
0.045337210572307995 -0.8522916379630276 -0.5965227863046403 0.033756488867957624
0.045337210572307995 -0.5965227863046403 -0.8522916379630276 0.033756488867957624
-0.5965227863046403 0.045337210572307995 -0.5965227863046403 0.033756488867957624
-0.8522916379630276 0.045337210572307995 -0.5965227863046403 0.033756488867957624
-0.5965227863046403 0.045337210572307995 -0.8522916379630276 0.033756488867957624
-0.5965227863046403 -0.5965227863046403 0.045337210572307995 0.033756488867957624
-0.8522916379630276 -0.5965227863046403 0.045337210572307995 0.033756488867957624
-0.5965227863046403 -0.8522916379630276 0.045337210572307995 0.033756488867957624
0.3750097117660791 -0.6903205985122765 -0.6903205985122765 0.007221684543263902
-0.6903205985122765 0.3750097117660791 -0.6903205985122765 0.007221684543263902
-0.6903205985122765 -0.6903205985122765 0.3750097117660791 0.007221684543263902
-0.9943685147415263 -0.6903205985122765 -0.6903205985122765 0.007221684543263902
-0.9943685147415263 0.3750097117660791 -0.6903205985122765 0.007221684543263902
-0.9943685147415263 -0.6903205985122765 0.3750097117660791 0.007221684543263902
-0.6903205985122765 -0.9943685147415263 -0.6903205985122765 0.007221684543263902
0.3750097117660791 -0.9943685147415263 -0.6903205985122765 0.007221684543263902
-0.6903205985122765 -0.9943685147415263 0.3750097117660791 0.007221684543263902
-0.6903205985122765 -0.6903205985122765 -0.9943685147415263 0.007221684543263902
0.3750097117660791 -0.6903205985122765 -0.9943685147415263 0.007221684543263902
-0.6903205985122765 0.3750097117660791 -0.9943685147415263 0.007221684543263902
-0.6517125670121358 -0.17480169900127218 -0.17480169900127218 0.010871545349405634
-0.17480169900127218 -0.6517125670121358 -0.17480169900127218 0.010871545349405634
-0.17480169900127218 -0.17480169900127218 -0.6517125670121358 0.010871545349405634
-0.9986840349853199 -0.17480169900127218 -0.17480169900127218 0.010871545349405634
-0.9986840349853199 -0.6517125670121358 -0.17480169900127218 0.010871545349405634
-0.9986840349853199 -0.17480169900127218 -0.6517125670121358 0.010871545349405634
-0.17480169900127218 -0.9986840349853199 -0.17480169900127218 0.010871545349405634
-0.6517125670121358 -0.9986840349853199 -0.17480169900127218 0.010871545349405634
-0.17480169900127218 -0.9986840349853199 -0.6517125670121358 0.010871545349405634
-0.17480169900127218 -0.17480169900127218 -0.9986840349853199 0.010871545349405634
-0.6517125670121358 -0.17480169900127218 -0.9986840349853199 0.010871545349405634
-0.17480169900127218 -0.6517125670121358 -0.9986840349853199 0.010871545349405634
-0.4684849868745602 -0.9222185448843869 -0.9222185448843869 0.014834629012817036
-0.9222185448843869 -0.4684849868745602 -0.9222185448843869 0.014834629012817036
-0.9222185448843869 -0.9222185448843869 -0.4684849868745602 0.014834629012817036
0.31292207664333427 -0.9222185448843869 -0.9222185448843869 0.014834629012817036
0.31292207664333427 -0.4684849868745602 -0.9222185448843869 0.014834629012817036
0.31292207664333427 -0.9222185448843869 -0.4684849868745602 0.014834629012817036
-0.9222185448843869 0.31292207664333427 -0.9222185448843869 0.014834629012817036
-0.4684849868745602 0.31292207664333427 -0.9222185448843869 0.014834629012817036
-0.9222185448843869 0.31292207664333427 -0.4684849868745602 0.014834629012817036
-0.9222185448843869 -0.9222185448843869 0.31292207664333427 0.014834629012817036
-0.4684849868745602 -0.9222185448843869 0.31292207664333427 0.014834629012817036
-0.9222185448843869 -0.4684849868745602 0.31292207664333427 0.014834629012817036
-0.8135173019294832 -0.9887903040979573 -0.9887903040979573 0.0017675717976856475
-0.9887903040979573 -0.8135173019294832 -0.9887903040979573 0.0017675717976856475
-0.9887903040979573 -0.9887903040979573 -0.8135173019294832 0.0017675717976856475
0.7910979101253979 -0.9887903040979573 -0.9887903040979573 0.0017675717976856475
0.7910979101253979 -0.8135173019294832 -0.9887903040979573 0.0017675717976856475
0.7910979101253979 -0.9887903040979573 -0.8135173019294832 0.0017675717976856475
-0.9887903040979573 0.7910979101253979 -0.9887903040979573 0.0017675717976856475
-0.8135173019294832 0.7910979101253979 -0.9887903040979573 0.0017675717976856475
-0.9887903040979573 0.7910979101253979 -0.8135173019294832 0.0017675717976856475
-0.9887903040979573 -0.9887903040979573 0.7910979101253979 0.0017675717976856475
-0.8135173019294832 -0.9887903040979573 0.7910979101253979 0.0017675717976856475
-0.9887903040979573 -0.8135173019294832 0.7910979101253979 0.0017675717976856475
