-0.3403696964307614 -0.3403696964307614 -0.3403696964307614 0.0045939107337645176
-0.9788909107077158 -0.3403696964307614 -0.3403696964307614 0.0045939107337645176
-0.3403696964307614 -0.9788909107077158 -0.3403696964307614 0.0045939107337645176
-0.3403696964307614 -0.3403696964307614 -0.9788909107077158 0.0045939107337645176
-0.8849234346204816 -0.8849234346204816 -0.8849234346204816 0.0034950070291606627
0.6547703038614447 -0.8849234346204816 -0.8849234346204816 0.0034950070291606627
-0.8849234346204816 0.6547703038614447 -0.8849234346204816 0.0034950070291606627
-0.8849234346204816 -0.8849234346204816 0.6547703038614447 0.0034950070291606627
-0.988287662772433 -0.988287662772433 -0.988287662772433 0.00014765109891913368
0.964862988317299 -0.988287662772433 -0.988287662772433 0.00014765109891913368
-0.988287662772433 0.964862988317299 -0.988287662772433 0.00014765109891913368
-0.988287662772433 -0.988287662772433 0.964862988317299 0.00014765109891913368
-0.6788890483040867 -0.6788890483040867 -0.6788890483040867 0.013371447163298406
0.0366671449122602 -0.6788890483040867 -0.6788890483040867 0.013371447163298406
-0.6788890483040867 0.0366671449122602 -0.6788890483040867 0.013371447163298406
-0.6788890483040867 -0.6788890483040867 0.0366671449122602 0.013371447163298406
-0.8025207078519019 -0.8025207078519019 -0.8025207078519019 0.009053877943745884
0.4075621235557054 -0.8025207078519019 -0.8025207078519019 0.009053877943745884
-0.8025207078519019 0.4075621235557054 -0.8025207078519019 0.009053877943745884
-0.8025207078519019 -0.8025207078519019 0.4075621235557054 0.009053877943745884
-0.583893607680547 -0.583893607680547 -0.583893607680547 0.009490864455865713
-0.24831917695835903 -0.583893607680547 -0.583893607680547 0.009490864455865713
-0.583893607680547 -0.24831917695835903 -0.583893607680547 0.009490864455865713
-0.583893607680547 -0.583893607680547 -0.24831917695835903 0.009490864455865713
-0.9804959423755529 -0.01950405762444707 -0.01950405762444707 0.0014134030594187346
-0.01950405762444707 -0.9804959423755529 -0.01950405762444707 0.0014134030594187346
-0.9804959423755529 -0.9804959423755529 -0.01950405762444707 0.0014134030594187346
-0.01950405762444707 -0.01950405762444707 -0.9804959423755529 0.0014134030594187346
-0.9804959423755529 -0.01950405762444707 -0.9804959423755529 0.0014134030594187346
-0.01950405762444707 -0.9804959423755529 -0.9804959423755529 0.0014134030594187346
-0.2058788002310652 -0.7941211997689348 -0.7941211997689348 0.018226441326641186
-0.7941211997689348 -0.2058788002310652 -0.7941211997689348 0.018226441326641186
-0.2058788002310652 -0.2058788002310652 -0.7941211997689348 0.018226441326641186
-0.7941211997689348 -0.7941211997689348 -0.2058788002310652 0.018226441326641186
-0.2058788002310652 -0.7941211997689348 -0.2058788002310652 0.018226441326641186
-0.7941211997689348 -0.2058788002310652 -0.2058788002310652 0.018226441326641186
-0.07582692692243032 -0.9241730730775697 -0.9241730730775697 0.0035876547929015404
-0.9241730730775697 -0.07582692692243032 -0.9241730730775697 0.0035876547929015404
-0.07582692692243032 -0.07582692692243032 -0.9241730730775697 0.0035876547929015404
-0.9241730730775697 -0.9241730730775697 -0.07582692692243032 0.0035876547929015404
-0.07582692692243032 -0.9241730730775697 -0.07582692692243032 0.0035876547929015404
-0.9241730730775697 -0.07582692692243032 -0.07582692692243032 0.0035876547929015404
-0.6371471523677208 -0.3628528476322792 -0.3628528476322792 0.01355280163445699
-0.3628528476322792 -0.6371471523677208 -0.3628528476322792 0.01355280163445699
-0.6371471523677208 -0.6371471523677208 -0.3628528476322792 0.01355280163445699
-0.3628528476322792 -0.3628528476322792 -0.6371471523677208 0.01355280163445699
-0.6371471523677208 -0.3628528476322792 -0.6371471523677208 0.01355280163445699
-0.3628528476322792 -0.6371471523677208 -0.6371471523677208 0.01355280163445699
-0.1621224423246661 -0.5001815622730004 -0.5001815622730004 0.018059199516969864
-0.5001815622730004 -0.1621224423246661 -0.5001815622730004 0.018059199516969864
-0.5001815622730004 -0.5001815622730004 -0.1621224423246661 0.018059199516969864
-0.8375144331293333 -0.5001815622730004 -0.5001815622730004 0.018059199516969864
-0.8375144331293333 -0.1621224423246661 -0.5001815622730004 0.018059199516969864
-0.8375144331293333 -0.5001815622730004 -0.1621224423246661 0.018059199516969864
-0.5001815622730004 -0.8375144331293333 -0.5001815622730004 0.018059199516969864
-0.1621224423246661 -0.8375144331293333 -0.5001815622730004 0.018059199516969864
-0.5001815622730004 -0.8375144331293333 -0.1621224423246661 0.018059199516969864
-0.5001815622730004 -0.5001815622730004 -0.8375144331293333 0.018059199516969864
-0.1621224423246661 -0.5001815622730004 -0.8375144331293333 0.018059199516969864
-0.5001815622730004 -0.1621224423246661 -0.8375144331293333 0.018059199516969864
0.12575336049956753 -0.5734732438762485 -0.5734732438762485 0.006164453396893054
-0.5734732438762485 0.12575336049956753 -0.5734732438762485 0.006164453396893054
-0.5734732438762485 -0.5734732438762485 0.12575336049956753 0.006164453396893054
-0.9788068727470703 -0.5734732438762485 -0.5734732438762485 0.006164453396893054
-0.9788068727470703 0.12575336049956753 -0.5734732438762485 0.006164453396893054
-0.9788068727470703 -0.5734732438762485 0.12575336049956753 0.006164453396893054
-0.5734732438762485 -0.9788068727470703 -0.5734732438762485 0.006164453396893054
0.12575336049956753 -0.9788068727470703 -0.5734732438762485 0.006164453396893054
-0.5734732438762485 -0.9788068727470703 0.12575336049956753 0.006164453396893054
-0.5734732438762485 -0.5734732438762485 -0.9788068727470703 0.006164453396893054
0.12575336049956753 -0.5734732438762485 -0.9788068727470703 0.006164453396893054
-0.5734732438762485 0.12575336049956753 -0.9788068727470703 0.006164453396893054
0.7909379454280323 -0.9016374301196819 -0.9016374301196819 0.0011108664603297735
-0.9016374301196819 0.7909379454280323 -0.9016374301196819 0.0011108664603297735
-0.9016374301196819 -0.9016374301196819 0.7909379454280323 0.0011108664603297735
-0.9876630851886686 -0.9016374301196819 -0.9016374301196819 0.0011108664603297735
-0.9876630851886686 0.7909379454280323 -0.9016374301196819 0.0011108664603297735
-0.9876630851886686 -0.9016374301196819 0.7909379454280323 0.0011108664603297735
-0.9016374301196819 -0.9876630851886686 -0.9016374301196819 0.0011108664603297735
0.7909379454280323 -0.9876630851886686 -0.9016374301196819 0.0011108664603297735
-0.9016374301196819 -0.9876630851886686 0.7909379454280323 0.0011108664603297735
-0.9016374301196819 -0.9016374301196819 -0.9876630851886686 0.0011108664603297735
0.7909379454280323 -0.9016374301196819 -0.9876630851886686 0.0011108664603297735
-0.9016374301196819 0.7909379454280323 -0.9876630851886686 0.0011108664603297735
-0.9586728421406531 -0.21427476405987977 -0.21427476405987977 0.009653729014476331
-0.21427476405987977 -0.9586728421406531 -0.21427476405987977 0.009653729014476331
-0.21427476405987977 -0.21427476405987977 -0.9586728421406531 0.009653729014476331
-0.6127776297395875 -0.21427476405987977 -0.21427476405987977 0.009653729014476331
-0.6127776297395875 -0.9586728421406531 -0.21427476405987977 0.009653729014476331
-0.6127776297395875 -0.21427476405987977 -0.9586728421406531 0.009653729014476331
-0.21427476405987977 -0.6127776297395875 -0.21427476405987977 0.009653729014476331
-0.9586728421406531 -0.6127776297395875 -0.21427476405987977 0.009653729014476331
-0.21427476405987977 -0.6127776297395875 -0.9586728421406531 0.009653729014476331
-0.21427476405987977 -0.21427476405987977 -0.6127776297395875 0.009653729014476331
-0.9586728421406531 -0.21427476405987977 -0.6127776297395875 0.009653729014476331
-0.21427476405987977 -0.9586728421406531 -0.6127776297395875 0.009653729014476331
-0.7461955951850084 -0.9747647889348586 -0.9747647889348586 0.001166907707997077
-0.9747647889348586 -0.7461955951850084 -0.9747647889348586 0.001166907707997077
-0.9747647889348586 -0.9747647889348586 -0.7461955951850084 0.001166907707997077
0.6957251730547256 -0.9747647889348586 -0.9747647889348586 0.001166907707997077
0.6957251730547256 -0.7461955951850084 -0.9747647889348586 0.001166907707997077
0.6957251730547256 -0.9747647889348586 -0.7461955951850084 0.001166907707997077
-0.9747647889348586 0.6957251730547256 -0.9747647889348586 0.001166907707997077
-0.7461955951850084 0.6957251730547256 -0.9747647889348586 0.001166907707997077
-0.9747647889348586 0.6957251730547256 -0.7461955951850084 0.001166907707997077
-0.9747647889348586 -0.9747647889348586 0.6957251730547256 0.001166907707997077
-0.7461955951850084 -0.9747647889348586 0.6957251730547256 0.001166907707997077
-0.9747647889348586 -0.7461955951850084 0.6957251730547256 0.001166907707997077
-0.875719993764757 -0.756762431302602 0.1534812349101895 0.00956338202413125
-0.875719993764757 0.1534812349101895 -0.756762431302602 0.00956338202413125
-0.756762431302602 -0.875719993764757 0.1534812349101895 0.00956338202413125
0.1534812349101895 -0.875719993764757 -0.756762431302602 0.00956338202413125
-0.756762431302602 0.1534812349101895 -0.875719993764757 0.00956338202413125
0.1534812349101895 -0.756762431302602 -0.875719993764757 0.00956338202413125
-0.5209988098428305 -0.756762431302602 0.1534812349101895 0.00956338202413125
-0.5209988098428305 0.1534812349101895 -0.756762431302602 0.00956338202413125
-0.5209988098428305 -0.875719993764757 0.1534812349101895 0.00956338202413125
-0.5209988098428305 -0.875719993764757 -0.756762431302602 0.00956338202413125
-0.5209988098428305 0.1534812349101895 -0.875719993764757 0.00956338202413125
-0.5209988098428305 -0.756762431302602 -0.875719993764757 0.00956338202413125
-0.756762431302602 -0.5209988098428305 0.1534812349101895 0.00956338202413125
0.1534812349101895 -0.5209988098428305 -0.756762431302602 0.00956338202413125
-0.875719993764757 -0.5209988098428305 0.1534812349101895 0.00956338202413125
-0.875719993764757 -0.5209988098428305 -0.756762431302602 0.00956338202413125
0.1534812349101895 -0.5209988098428305 -0.875719993764757 0.00956338202413125
-0.756762431302602 -0.5209988098428305 -0.875719993764757 0.00956338202413125
-0.756762431302602 0.1534812349101895 -0.5209988098428305 0.00956338202413125
0.1534812349101895 -0.756762431302602 -0.5209988098428305 0.00956338202413125
-0.875719993764757 0.1534812349101895 -0.5209988098428305 0.00956338202413125
-0.875719993764757 -0.756762431302602 -0.5209988098428305 0.00956338202413125
0.1534812349101895 -0.875719993764757 -0.5209988098428305 0.00956338202413125
-0.756762431302602 -0.875719993764757 -0.5209988098428305 0.00956338202413125
0.1035882642368493 -0.3021954079059509 -0.9689557615535842 0.005715808457054375
0.1035882642368493 -0.9689557615535842 -0.3021954079059509 0.005715808457054375
-0.3021954079059509 0.1035882642368493 -0.9689557615535842 0.005715808457054375
-0.9689557615535842 0.1035882642368493 -0.3021954079059509 0.005715808457054375
-0.3021954079059509 -0.9689557615535842 0.1035882642368493 0.005715808457054375
-0.9689557615535842 -0.3021954079059509 0.1035882642368493 0.005715808457054375
-0.8324370947773142 -0.3021954079059509 -0.9689557615535842 0.005715808457054375
-0.8324370947773142 -0.9689557615535842 -0.3021954079059509 0.005715808457054375
-0.8324370947773142 0.1035882642368493 -0.9689557615535842 0.005715808457054375
-0.8324370947773142 0.1035882642368493 -0.3021954079059509 0.005715808457054375
-0.8324370947773142 -0.9689557615535842 0.1035882642368493 0.005715808457054375
-0.8324370947773142 -0.3021954079059509 0.1035882642368493 0.005715808457054375
-0.3021954079059509 -0.8324370947773142 -0.9689557615535842 0.005715808457054375
-0.9689557615535842 -0.8324370947773142 -0.3021954079059509 0.005715808457054375
0.1035882642368493 -0.8324370947773142 -0.9689557615535842 0.005715808457054375
0.1035882642368493 -0.8324370947773142 -0.3021954079059509 0.005715808457054375
-0.9689557615535842 -0.8324370947773142 0.1035882642368493 0.005715808457054375
-0.3021954079059509 -0.8324370947773142 0.1035882642368493 0.005715808457054375
-0.3021954079059509 -0.9689557615535842 -0.8324370947773142 0.005715808457054375
-0.9689557615535842 -0.3021954079059509 -0.8324370947773142 0.005715808457054375
0.1035882642368493 -0.9689557615535842 -0.8324370947773142 0.005715808457054375
0.1035882642368493 -0.3021954079059509 -0.8324370947773142 0.005715808457054375
-0.9689557615535842 0.1035882642368493 -0.8324370947773142 0.005715808457054375
-0.3021954079059509 0.1035882642368493 -0.8324370947773142 0.005715808457054375
-0.9643167187046908 0.36447664033657867 -0.969041405373655 0.0013010036855342526
-0.9643167187046908 -0.969041405373655 0.36447664033657867 0.0013010036855342526
0.36447664033657867 -0.9643167187046908 -0.969041405373655 0.0013010036855342526
-0.969041405373655 -0.9643167187046908 0.36447664033657867 0.0013010036855342526
0.36447664033657867 -0.969041405373655 -0.9643167187046908 0.0013010036855342526
-0.969041405373655 0.36447664033657867 -0.9643167187046908 0.0013010036855342526
-0.4311185162582327 0.36447664033657867 -0.969041405373655 0.0013010036855342526
-0.4311185162582327 -0.969041405373655 0.36447664033657867 0.0013010036855342526
-0.4311185162582327 -0.9643167187046908 -0.969041405373655 0.0013010036855342526
-0.4311185162582327 -0.9643167187046908 0.36447664033657867 0.0013010036855342526
-0.4311185162582327 -0.969041405373655 -0.9643167187046908 0.0013010036855342526
-0.4311185162582327 0.36447664033657867 -0.9643167187046908 0.0013010036855342526
0.36447664033657867 -0.4311185162582327 -0.969041405373655 0.0013010036855342526
-0.969041405373655 -0.4311185162582327 0.36447664033657867 0.0013010036855342526
-0.9643167187046908 -0.4311185162582327 -0.969041405373655 0.0013010036855342526
-0.9643167187046908 -0.4311185162582327 0.36447664033657867 0.0013010036855342526
-0.969041405373655 -0.4311185162582327 -0.9643167187046908 0.0013010036855342526
0.36447664033657867 -0.4311185162582327 -0.9643167187046908 0.0013010036855342526
0.36447664033657867 -0.969041405373655 -0.4311185162582327 0.0013010036855342526
-0.969041405373655 0.36447664033657867 -0.4311185162582327 0.0013010036855342526
-0.9643167187046908 -0.969041405373655 -0.4311185162582327 0.0013010036855342526
-0.9643167187046908 0.36447664033657867 -0.4311185162582327 0.0013010036855342526
-0.969041405373655 -0.9643167187046908 -0.4311185162582327 0.0013010036855342526
0.36447664033657867 -0.9643167187046908 -0.4311185162582327 0.0013010036855342526
-0.6609208985996755 0.46799659731716203 -0.9644467944597145 0.005010581733022296
-0.6609208985996755 -0.9644467944597145 0.46799659731716203 0.005010581733022296
0.46799659731716203 -0.6609208985996755 -0.9644467944597145 0.005010581733022296
-0.9644467944597145 -0.6609208985996755 0.46799659731716203 0.005010581733022296
0.46799659731716203 -0.9644467944597145 -0.6609208985996755 0.005010581733022296
-0.9644467944597145 0.46799659731716203 -0.6609208985996755 0.005010581733022296
-0.8426289042577721 0.46799659731716203 -0.9644467944597145 0.005010581733022296
-0.8426289042577721 -0.9644467944597145 0.46799659731716203 0.005010581733022296
-0.8426289042577721 -0.6609208985996755 -0.9644467944597145 0.005010581733022296
-0.8426289042577721 -0.6609208985996755 0.46799659731716203 0.005010581733022296
-0.8426289042577721 -0.9644467944597145 -0.6609208985996755 0.005010581733022296
-0.8426289042577721 0.46799659731716203 -0.6609208985996755 0.005010581733022296
0.46799659731716203 -0.8426289042577721 -0.9644467944597145 0.005010581733022296
-0.9644467944597145 -0.8426289042577721 0.46799659731716203 0.005010581733022296
-0.6609208985996755 -0.8426289042577721 -0.9644467944597145 0.005010581733022296
-0.6609208985996755 -0.8426289042577721 0.46799659731716203 0.005010581733022296
-0.9644467944597145 -0.8426289042577721 -0.6609208985996755 0.005010581733022296
0.46799659731716203 -0.8426289042577721 -0.6609208985996755 0.005010581733022296
0.46799659731716203 -0.9644467944597145 -0.8426289042577721 0.005010581733022296
-0.9644467944597145 0.46799659731716203 -0.8426289042577721 0.005010581733022296
-0.6609208985996755 -0.9644467944597145 -0.8426289042577721 0.005010581733022296
-0.6609208985996755 0.46799659731716203 -0.8426289042577721 0.005010581733022296
-0.9644467944597145 -0.6609208985996755 -0.8426289042577721 0.005010581733022296
0.46799659731716203 -0.6609208985996755 -0.8426289042577721 0.005010581733022296
