-0.401373815201315 -0.401373815201315 -0.401373815201315 0.019585791448174333
-0.7958785543960549 -0.401373815201315 -0.401373815201315 0.019585791448174333
-0.401373815201315 -0.7958785543960549 -0.401373815201315 0.019585791448174333
-0.401373815201315 -0.401373815201315 -0.7958785543960549 0.019585791448174333
-0.9347343120696364 -0.9347343120696364 -0.9347343120696364 0.004507826040828908
0.8042029362089091 -0.9347343120696364 -0.9347343120696364 0.004507826040828908
-0.9347343120696364 0.8042029362089091 -0.9347343120696364 0.004507826040828908
-0.9347343120696364 -0.9347343120696364 0.8042029362089091 0.004507826040828908
-0.34840883096937836 -0.6515911690306216 -0.6515911690306216 0.02235569156963417
-0.6515911690306216 -0.34840883096937836 -0.6515911690306216 0.02235569156963417
-0.34840883096937836 -0.34840883096937836 -0.6515911690306216 0.02235569156963417
-0.6515911690306216 -0.6515911690306216 -0.34840883096937836 0.02235569156963417
-0.34840883096937836 -0.6515911690306216 -0.34840883096937836 0.02235569156963417
-0.6515911690306216 -0.34840883096937836 -0.34840883096937836 0.02235569156963417
-0.8024307517167499 -0.19756924828325018 -0.19756924828325018 0.025764853797011347
-0.19756924828325018 -0.8024307517167499 -0.19756924828325018 0.025764853797011347
-0.8024307517167499 -0.8024307517167499 -0.19756924828325018 0.025764853797011347
-0.19756924828325018 -0.19756924828325018 -0.8024307517167499 0.025764853797011347
-0.8024307517167499 -0.19756924828325018 -0.8024307517167499 0.025764853797011347
-0.19756924828325018 -0.8024307517167499 -0.8024307517167499 0.025764853797011347
-0.9885961897545993 -0.011403810245400714 -0.011403810245400714 0.002204338147167729
-0.011403810245400714 -0.9885961897545993 -0.011403810245400714 0.002204338147167729
-0.9885961897545993 -0.9885961897545993 -0.011403810245400714 0.002204338147167729
-0.011403810245400714 -0.011403810245400714 -0.9885961897545993 0.002204338147167729
-0.9885961897545993 -0.011403810245400714 -0.9885961897545993 0.002204338147167729
-0.011403810245400714 -0.9885961897545993 -0.9885961897545993 0.002204338147167729
0.454660692692767 -0.7537586900505553 -0.7537586900505553 0.013066628329377166
-0.7537586900505553 0.454660692692767 -0.7537586900505553 0.013066628329377166
-0.7537586900505553 -0.7537586900505553 0.454660692692767 0.013066628329377166
-0.9471433125916563 -0.7537586900505553 -0.7537586900505553 0.013066628329377166
-0.9471433125916563 0.454660692692767 -0.7537586900505553 0.013066628329377166
-0.9471433125916563 -0.7537586900505553 0.454660692692767 0.013066628329377166
-0.7537586900505553 -0.9471433125916563 -0.7537586900505553 0.013066628329377166
0.454660692692767 -0.9471433125916563 -0.7537586900505553 0.013066628329377166
-0.7537586900505553 -0.9471433125916563 0.454660692692767 0.013066628329377166
-0.7537586900505553 -0.7537586900505553 -0.9471433125916563 0.013066628329377166
0.454660692692767 -0.7537586900505553 -0.9471433125916563 0.013066628329377166
-0.7537586900505553 0.454660692692767 -0.9471433125916563 0.013066628329377166
-0.6595438530214717 -0.9739922590288195 -0.9739922590288195 0.0027150379884064344
-0.9739922590288195 -0.6595438530214717 -0.9739922590288195 0.0027150379884064344
-0.9739922590288195 -0.9739922590288195 -0.6595438530214717 0.0027150379884064344
0.6075283710791106 -0.9739922590288195 -0.9739922590288195 0.0027150379884064344
0.6075283710791106 -0.6595438530214717 -0.9739922590288195 0.0027150379884064344
0.6075283710791106 -0.9739922590288195 -0.6595438530214717 0.0027150379884064344
-0.9739922590288195 0.6075283710791106 -0.9739922590288195 0.0027150379884064344
-0.6595438530214717 0.6075283710791106 -0.9739922590288195 0.0027150379884064344
-0.9739922590288195 0.6075283710791106 -0.6595438530214717 0.0027150379884064344
-0.9739922590288195 -0.9739922590288195 0.6075283710791106 0.0027150379884064344
-0.6595438530214717 -0.9739922590288195 0.6075283710791106 0.0027150379884064344
-0.9739922590288195 -0.6595438530214717 0.6075283710791106 0.0027150379884064344
0.23651961957823153 -0.9141291976561485 -0.9141291976561485 0.010943485003888956
-0.9141291976561485 0.23651961957823153 -0.9141291976561485 0.010943485003888956
-0.9141291976561485 -0.9141291976561485 0.23651961957823153 0.010943485003888956
-0.4082612242659346 -0.9141291976561485 -0.9141291976561485 0.010943485003888956
-0.4082612242659346 0.23651961957823153 -0.9141291976561485 0.010943485003888956
-0.4082612242659346 -0.9141291976561485 0.23651961957823153 0.010943485003888956
-0.9141291976561485 -0.4082612242659346 -0.9141291976561485 0.010943485003888956
0.23651961957823153 -0.4082612242659346 -0.9141291976561485 0.010943485003888956
-0.9141291976561485 -0.4082612242659346 0.23651961957823153 0.010943485003888956
-0.9141291976561485 -0.9141291976561485 -0.4082612242659346 0.010943485003888956
0.23651961957823153 -0.9141291976561485 -0.4082612242659346 0.010943485003888956
-0.9141291976561485 0.23651961957823153 -0.4082612242659346 0.010943485003888956
0.07980023371140321 -0.6311519359058444 -0.6311519359058444 0.020139983155551325
-0.6311519359058444 0.07980023371140321 -0.6311519359058444 0.020139983155551325
-0.6311519359058444 -0.6311519359058444 0.07980023371140321 0.020139983155551325
-0.8174963618997143 -0.6311519359058444 -0.6311519359058444 0.020139983155551325
-0.8174963618997143 0.07980023371140321 -0.6311519359058444 0.020139983155551325
-0.8174963618997143 -0.6311519359058444 0.07980023371140321 0.020139983155551325
-0.6311519359058444 -0.8174963618997143 -0.6311519359058444 0.020139983155551325
0.07980023371140321 -0.8174963618997143 -0.6311519359058444 0.020139983155551325
-0.6311519359058444 -0.8174963618997143 0.07980023371140321 0.020139983155551325
-0.6311519359058444 -0.6311519359058444 -0.8174963618997143 0.020139983155551325
0.07980023371140321 -0.6311519359058444 -0.8174963618997143 0.020139983155551325
-0.6311519359058444 0.07980023371140321 -0.8174963618997143 0.020139983155551325
-0.08912936075608091 -0.48166118507143474 -0.48166118507143474 0.01698985688814185
-0.48166118507143474 -0.08912936075608091 -0.48166118507143474 0.01698985688814185
-0.48166118507143474 -0.48166118507143474 -0.08912936075608091 0.01698985688814185
-0.9475482691010496 -0.48166118507143474 -0.48166118507143474 0.01698985688814185
-0.9475482691010496 -0.08912936075608091 -0.48166118507143474 0.01698985688814185
-0.9475482691010496 -0.48166118507143474 -0.08912936075608091 0.01698985688814185
-0.48166118507143474 -0.9475482691010496 -0.48166118507143474 0.01698985688814185
-0.08912936075608091 -0.9475482691010496 -0.48166118507143474 0.01698985688814185
-0.48166118507143474 -0.9475482691010496 -0.08912936075608091 0.01698985688814185
-0.48166118507143474 -0.48166118507143474 -0.9475482691010496 0.01698985688814185
-0.08912936075608091 -0.48166118507143474 -0.9475482691010496 0.01698985688814185
-0.48166118507143474 -0.08912936075608091 -0.9475482691010496 0.01698985688814185
-0.9780448552680794 0.07028400186291894 -0.7751428789864776 0.0070312360795855055
-0.9780448552680794 -0.7751428789864776 0.07028400186291894 0.0070312360795855055
0.07028400186291894 -0.9780448552680794 -0.7751428789864776 0.0070312360795855055
-0.7751428789864776 -0.9780448552680794 0.07028400186291894 0.0070312360795855055
0.07028400186291894 -0.7751428789864776 -0.9780448552680794 0.0070312360795855055
-0.7751428789864776 0.07028400186291894 -0.9780448552680794 0.0070312360795855055
-0.31709626760836207 0.07028400186291894 -0.7751428789864776 0.0070312360795855055
-0.31709626760836207 -0.7751428789864776 0.07028400186291894 0.0070312360795855055
-0.31709626760836207 -0.9780448552680794 -0.7751428789864776 0.0070312360795855055
-0.31709626760836207 -0.9780448552680794 0.07028400186291894 0.0070312360795855055
-0.31709626760836207 -0.7751428789864776 -0.9780448552680794 0.0070312360795855055
-0.31709626760836207 0.07028400186291894 -0.9780448552680794 0.0070312360795855055
0.07028400186291894 -0.31709626760836207 -0.7751428789864776 0.0070312360795855055
-0.7751428789864776 -0.31709626760836207 0.07028400186291894 0.0070312360795855055
-0.9780448552680794 -0.31709626760836207 -0.7751428789864776 0.0070312360795855055
-0.9780448552680794 -0.31709626760836207 0.07028400186291894 0.0070312360795855055
-0.7751428789864776 -0.31709626760836207 -0.9780448552680794 0.0070312360795855055
0.07028400186291894 -0.31709626760836207 -0.9780448552680794 0.0070312360795855055
0.07028400186291894 -0.7751428789864776 -0.31709626760836207 0.0070312360795855055
-0.7751428789864776 0.07028400186291894 -0.31709626760836207 0.0070312360795855055
-0.9780448552680794 -0.7751428789864776 -0.31709626760836207 0.0070312360795855055
-0.9780448552680794 0.07028400186291894 -0.31709626760836207 0.0070312360795855055
-0.7751428789864776 -0.9780448552680794 -0.31709626760836207 0.0070312360795855055
0.07028400186291894 -0.9780448552680794 -0.31709626760836207 0.0070312360795855055
