-0.9595236642763805 -0.9595236642763805 -0.9595236642763805 0.0011475223718855295
0.8785709928291416 -0.9595236642763805 -0.9595236642763805 0.0011475223718855295
-0.9595236642763805 0.8785709928291416 -0.9595236642763805 0.0011475223718855295
-0.9595236642763805 -0.9595236642763805 0.8785709928291416 0.0011475223718855295
-0.42197052951294733 -0.42197052951294733 -0.42197052951294733 0.030143102423652295
-0.7340884114611581 -0.42197052951294733 -0.42197052951294733 0.030143102423652295
-0.42197052951294733 -0.7340884114611581 -0.42197052951294733 0.030143102423652295
-0.42197052951294733 -0.42197052951294733 -0.7340884114611581 0.030143102423652295
-0.8119425998357459 -0.8119425998357459 -0.8119425998357459 0.012906716435785224
0.4358277995072375 -0.8119425998357459 -0.8119425998357459 0.012906716435785224
-0.8119425998357459 0.4358277995072375 -0.8119425998357459 0.012906716435785224
-0.8119425998357459 -0.8119425998357459 0.4358277995072375 0.012906716435785224
-0.604700291112549 -0.604700291112549 -0.604700291112549 0.009561253767430333
-0.1858991266623532 -0.604700291112549 -0.604700291112549 0.009561253767430333
-0.604700291112549 -0.1858991266623532 -0.604700291112549 0.009561253767430333
-0.604700291112549 -0.604700291112549 -0.1858991266623532 0.009561253767430333
-0.08092379352036727 -0.9190762064796327 -0.9190762064796327 0.010379827972373868
-0.9190762064796327 -0.08092379352036727 -0.9190762064796327 0.010379827972373868
-0.08092379352036727 -0.08092379352036727 -0.9190762064796327 0.010379827972373868
-0.9190762064796327 -0.9190762064796327 -0.08092379352036727 0.010379827972373868
-0.08092379352036727 -0.9190762064796327 -0.08092379352036727 0.010379827972373868
-0.9190762064796327 -0.08092379352036727 -0.08092379352036727 0.010379827972373868
-0.9999996097039388 -3.902960612478523e-07 -3.902960612478523e-07 0.0006827028642288164
-3.902960612478523e-07 -0.9999996097039388 -3.902960612478523e-07 0.0006827028642288164
-0.9999996097039388 -0.9999996097039388 -3.902960612478523e-07 0.0006827028642288164
-3.902960612478523e-07 -3.902960612478523e-07 -0.9999996097039388 0.0006827028642288164
-0.9999996097039388 -3.902960612478523e-07 -0.9999996097039388 0.0006827028642288164
-3.902960612478523e-07 -0.9999996097039388 -0.9999996097039388 0.0006827028642288164
0.22379426040858696 -0.8649414700943951 -0.8649414700943951 0.011840362895230628
-0.8649414700943951 0.22379426040858696 -0.8649414700943951 0.011840362895230628
-0.8649414700943951 -0.8649414700943951 0.22379426040858696 0.011840362895230628
-0.49391132021979656 -0.8649414700943951 -0.8649414700943951 0.011840362895230628
-0.49391132021979656 0.22379426040858696 -0.8649414700943951 0.011840362895230628
-0.49391132021979656 -0.8649414700943951 0.22379426040858696 0.011840362895230628
-0.8649414700943951 -0.49391132021979656 -0.8649414700943951 0.011840362895230628
0.22379426040858696 -0.49391132021979656 -0.8649414700943951 0.011840362895230628
-0.8649414700943951 -0.49391132021979656 0.22379426040858696 0.011840362895230628
-0.8649414700943951 -0.8649414700943951 -0.49391132021979656 0.011840362895230628
0.22379426040858696 -0.8649414700943951 -0.49391132021979656 0.011840362895230628
-0.8649414700943951 0.22379426040858696 -0.49391132021979656 0.011840362895230628
-0.02633833224036819 -0.7279789709735942 -0.7279789709735942 0.01416193038732499
-0.7279789709735942 -0.02633833224036819 -0.7279789709735942 0.01416193038732499
-0.7279789709735942 -0.7279789709735942 -0.02633833224036819 0.01416193038732499
-0.5177037258124435 -0.7279789709735942 -0.7279789709735942 0.01416193038732499
-0.5177037258124435 -0.02633833224036819 -0.7279789709735942 0.01416193038732499
-0.5177037258124435 -0.7279789709735942 -0.02633833224036819 0.01416193038732499
-0.7279789709735942 -0.5177037258124435 -0.7279789709735942 0.01416193038732499
-0.02633833224036819 -0.5177037258124435 -0.7279789709735942 0.01416193038732499
-0.7279789709735942 -0.5177037258124435 -0.02633833224036819 0.01416193038732499
-0.7279789709735942 -0.7279789709735942 -0.5177037258124435 0.01416193038732499
-0.02633833224036819 -0.7279789709735942 -0.5177037258124435 0.01416193038732499
-0.7279789709735942 -0.02633833224036819 -0.5177037258124435 0.01416193038732499
-0.14524278393019996 -0.4438433080872597 -0.4438433080872597 0.007830785775994475
-0.4438433080872597 -0.14524278393019996 -0.4438433080872597 0.007830785775994475
-0.4438433080872597 -0.4438433080872597 -0.14524278393019996 0.007830785775994475
-0.9670705998952805 -0.4438433080872597 -0.4438433080872597 0.007830785775994475
-0.9670705998952805 -0.14524278393019996 -0.4438433080872597 0.007830785775994475
-0.9670705998952805 -0.4438433080872597 -0.14524278393019996 0.007830785775994475
-0.4438433080872597 -0.9670705998952805 -0.4438433080872597 0.007830785775994475
-0.14524278393019996 -0.9670705998952805 -0.4438433080872597 0.007830785775994475
-0.4438433080872597 -0.9670705998952805 -0.14524278393019996 0.007830785775994475
-0.4438433080872597 -0.4438433080872597 -0.9670705998952805 0.007830785775994475
-0.14524278393019996 -0.4438433080872597 -0.9670705998952805 0.007830785775994475
-0.4438433080872597 -0.14524278393019996 -0.9670705998952805 0.007830785775994475
0.13350573619359696 -0.6064899605614278 -0.6064899605614278 0.012314047196741354
-0.6064899605614278 0.13350573619359696 -0.6064899605614278 0.012314047196741354
-0.6064899605614278 -0.6064899605614278 0.13350573619359696 0.012314047196741354
-0.9205258150707413 -0.6064899605614278 -0.6064899605614278 0.012314047196741354
-0.9205258150707413 0.13350573619359696 -0.6064899605614278 0.012314047196741354
-0.9205258150707413 -0.6064899605614278 0.13350573619359696 0.012314047196741354
-0.6064899605614278 -0.9205258150707413 -0.6064899605614278 0.012314047196741354
0.13350573619359696 -0.9205258150707413 -0.6064899605614278 0.012314047196741354
-0.6064899605614278 -0.9205258150707413 0.13350573619359696 0.012314047196741354
-0.6064899605614278 -0.6064899605614278 -0.9205258150707413 0.012314047196741354
0.13350573619359696 -0.6064899605614278 -0.9205258150707413 0.012314047196741354
-0.6064899605614278 0.13350573619359696 -0.9205258150707413 0.012314047196741354
-0.8759605855160492 -0.22750027415930063 -0.22750027415930063 0.019423096105553633
-0.22750027415930063 -0.8759605855160492 -0.22750027415930063 0.019423096105553633
-0.22750027415930063 -0.22750027415930063 -0.8759605855160492 0.019423096105553633
-0.6690388661653496 -0.22750027415930063 -0.22750027415930063 0.019423096105553633
-0.6690388661653496 -0.8759605855160492 -0.22750027415930063 0.019423096105553633
-0.6690388661653496 -0.22750027415930063 -0.8759605855160492 0.019423096105553633
-0.22750027415930063 -0.6690388661653496 -0.22750027415930063 0.019423096105553633
-0.8759605855160492 -0.6690388661653496 -0.22750027415930063 0.019423096105553633
-0.22750027415930063 -0.6690388661653496 -0.8759605855160492 0.019423096105553633
-0.22750027415930063 -0.22750027415930063 -0.6690388661653496 0.019423096105553633
-0.8759605855160492 -0.22750027415930063 -0.6690388661653496 0.019423096105553633
-0.22750027415930063 -0.8759605855160492 -0.6690388661653496 0.019423096105553633
-0.7826784358333603 -0.9529289618906944 -0.9529289618906944 0.003544986482897853
-0.9529289618906944 -0.7826784358333603 -0.9529289618906944 0.003544986482897853
-0.9529289618906944 -0.9529289618906944 -0.7826784358333603 0.003544986482897853
0.6885363596147491 -0.9529289618906944 -0.9529289618906944 0.003544986482897853
0.6885363596147491 -0.7826784358333603 -0.9529289618906944 0.003544986482897853
0.6885363596147491 -0.9529289618906944 -0.7826784358333603 0.003544986482897853
-0.9529289618906944 0.6885363596147491 -0.9529289618906944 0.003544986482897853
-0.7826784358333603 0.6885363596147491 -0.9529289618906944 0.003544986482897853
-0.9529289618906944 0.6885363596147491 -0.7826784358333603 0.003544986482897853
-0.9529289618906944 -0.9529289618906944 0.6885363596147491 0.003544986482897853
-0.7826784358333603 -0.9529289618906944 0.6885363596147491 0.003544986482897853
-0.9529289618906944 -0.7826784358333603 0.6885363596147491 0.003544986482897853
0.08939299540383239 -0.32757821385045616 -0.9929998802602403 0.004295803700002351
0.08939299540383239 -0.9929998802602403 -0.32757821385045616 0.004295803700002351
-0.32757821385045616 0.08939299540383239 -0.9929998802602403 0.004295803700002351
-0.9929998802602403 0.08939299540383239 -0.32757821385045616 0.004295803700002351
-0.32757821385045616 -0.9929998802602403 0.08939299540383239 0.004295803700002351
-0.9929998802602403 -0.32757821385045616 0.08939299540383239 0.004295803700002351
-0.7688149012931359 -0.32757821385045616 -0.9929998802602403 0.004295803700002351
-0.7688149012931359 -0.9929998802602403 -0.32757821385045616 0.004295803700002351
-0.7688149012931359 0.08939299540383239 -0.9929998802602403 0.004295803700002351
-0.7688149012931359 0.08939299540383239 -0.32757821385045616 0.004295803700002351
-0.7688149012931359 -0.9929998802602403 0.08939299540383239 0.004295803700002351
-0.7688149012931359 -0.32757821385045616 0.08939299540383239 0.004295803700002351
-0.32757821385045616 -0.7688149012931359 -0.9929998802602403 0.004295803700002351
-0.9929998802602403 -0.7688149012931359 -0.32757821385045616 0.004295803700002351
0.08939299540383239 -0.7688149012931359 -0.9929998802602403 0.004295803700002351
0.08939299540383239 -0.7688149012931359 -0.32757821385045616 0.004295803700002351
-0.9929998802602403 -0.7688149012931359 0.08939299540383239 0.004295803700002351
-0.32757821385045616 -0.7688149012931359 0.08939299540383239 0.004295803700002351
-0.32757821385045616 -0.9929998802602403 -0.7688149012931359 0.004295803700002351
-0.9929998802602403 -0.32757821385045616 -0.7688149012931359 0.004295803700002351
0.08939299540383239 -0.9929998802602403 -0.7688149012931359 0.004295803700002351
0.08939299540383239 -0.32757821385045616 -0.7688149012931359 0.004295803700002351
-0.9929998802602403 0.08939299540383239 -0.7688149012931359 0.004295803700002351
-0.32757821385045616 0.08939299540383239 -0.7688149012931359 0.004295803700002351
-0.942276790118489 0.3719632602470304 -0.9788531306265422 0.0019522756548053207
-0.942276790118489 -0.9788531306265422 0.3719632602470304 0.0019522756548053207
0.3719632602470304 -0.942276790118489 -0.9788531306265422 0.0019522756548053207
-0.9788531306265422 -0.942276790118489 0.3719632602470304 0.0019522756548053207
0.3719632602470304 -0.9788531306265422 -0.942276790118489 0.0019522756548053207
-0.9788531306265422 0.3719632602470304 -0.942276790118489 0.0019522756548053207
-0.4508333395019992 0.3719632602470304 -0.9788531306265422 0.0019522756548053207
-0.4508333395019992 -0.9788531306265422 0.3719632602470304 0.0019522756548053207
-0.4508333395019992 -0.942276790118489 -0.9788531306265422 0.0019522756548053207
-0.4508333395019992 -0.942276790118489 0.3719632602470304 0.0019522756548053207
-0.4508333395019992 -0.9788531306265422 -0.942276790118489 0.0019522756548053207
-0.4508333395019992 0.3719632602470304 -0.942276790118489 0.0019522756548053207
0.3719632602470304 -0.4508333395019992 -0.9788531306265422 0.0019522756548053207
-0.9788531306265422 -0.4508333395019992 0.3719632602470304 0.0019522756548053207
-0.942276790118489 -0.4508333395019992 -0.9788531306265422 0.0019522756548053207
-0.942276790118489 -0.4508333395019992 0.3719632602470304 0.0019522756548053207
-0.9788531306265422 -0.4508333395019992 -0.942276790118489 0.0019522756548053207
0.3719632602470304 -0.4508333395019992 -0.942276790118489 0.0019522756548053207
0.3719632602470304 -0.9788531306265422 -0.4508333395019992 0.0019522756548053207
-0.9788531306265422 0.3719632602470304 -0.4508333395019992 0.0019522756548053207
-0.942276790118489 -0.9788531306265422 -0.4508333395019992 0.0019522756548053207
-0.942276790118489 0.3719632602470304 -0.4508333395019992 0.0019522756548053207
-0.9788531306265422 -0.942276790118489 -0.4508333395019992 0.0019522756548053207
0.3719632602470304 -0.942276790118489 -0.4508333395019992 0.0019522756548053207
-0.6908267063452391 0.4713544935637195 -0.8025952143566553 0.003024473236600184
-0.6908267063452391 -0.8025952143566553 0.4713544935637195 0.003024473236600184
0.4713544935637195 -0.6908267063452391 -0.8025952143566553 0.003024473236600184
-0.8025952143566553 -0.6908267063452391 0.4713544935637195 0.003024473236600184
0.4713544935637195 -0.8025952143566553 -0.6908267063452391 0.003024473236600184
-0.8025952143566553 0.4713544935637195 -0.6908267063452391 0.003024473236600184
-0.9779325728618251 0.4713544935637195 -0.8025952143566553 0.003024473236600184
-0.9779325728618251 -0.8025952143566553 0.4713544935637195 0.003024473236600184
-0.9779325728618251 -0.6908267063452391 -0.8025952143566553 0.003024473236600184
-0.9779325728618251 -0.6908267063452391 0.4713544935637195 0.003024473236600184
-0.9779325728618251 -0.8025952143566553 -0.6908267063452391 0.003024473236600184
-0.9779325728618251 0.4713544935637195 -0.6908267063452391 0.003024473236600184
0.4713544935637195 -0.9779325728618251 -0.8025952143566553 0.003024473236600184
-0.8025952143566553 -0.9779325728618251 0.4713544935637195 0.003024473236600184
-0.6908267063452391 -0.9779325728618251 -0.8025952143566553 0.003024473236600184
-0.6908267063452391 -0.9779325728618251 0.4713544935637195 0.003024473236600184
-0.8025952143566553 -0.9779325728618251 -0.6908267063452391 0.003024473236600184
0.4713544935637195 -0.9779325728618251 -0.6908267063452391 0.003024473236600184
0.4713544935637195 -0.8025952143566553 -0.9779325728618251 0.003024473236600184
-0.8025952143566553 0.4713544935637195 -0.9779325728618251 0.003024473236600184
-0.6908267063452391 -0.8025952143566553 -0.9779325728618251 0.003024473236600184
-0.6908267063452391 0.4713544935637195 -0.9779325728618251 0.003024473236600184
-0.8025952143566553 -0.6908267063452391 -0.9779325728618251 0.003024473236600184
0.4713544935637195 -0.6908267063452391 -0.9779325728618251 0.003024473236600184
