-0.3808356693640962 -0.3808356693640962 -0.3808356693640962 0.08721221817926957
-0.8574929919077114 -0.3808356693640962 -0.3808356693640962 0.08721221817926957
-0.3808356693640962 -0.8574929919077114 -0.3808356693640962 0.08721221817926957
-0.3808356693640962 -0.3808356693640962 -0.8574929919077114 0.08721221817926957
-0.8331144553920449 -0.8331144553920449 -0.8331144553920449 0.07914035230800634
0.4993433661761346 -0.8331144553920449 -0.8331144553920449 0.07914035230800634
-0.8331144553920449 0.4993433661761346 -0.8331144553920449 0.07914035230800634
-0.8331144553920449 -0.8331144553920449 0.4993433661761346 0.07914035230800634
-0.8455580918598826 -0.15444190814011738 -0.15444190814011738 0.11132050856403829
-0.15444190814011738 -0.8455580918598826 -0.15444190814011738 0.11132050856403829
-0.8455580918598826 -0.8455580918598826 -0.15444190814011738 0.11132050856403829
-0.15444190814011738 -0.15444190814011738 -0.8455580918598826 0.11132050856403829
-0.8455580918598826 -0.15444190814011738 -0.8455580918598826 0.11132050856403829
-0.15444190814011738 -0.8455580918598826 -0.8455580918598826 0.11132050856403829
