-0.5 -0.5 -0.5 0.1273137192855078
-0.3685977004435944 -0.3685977004435944 -0.3685977004435944 0.05643944161328937
-0.8942068986692168 -0.3685977004435944 -0.3685977004435944 0.05643944161328937
-0.3685977004435944 -0.8942068986692168 -0.3685977004435944 0.05643944161328937
-0.3685977004435944 -0.3685977004435944 -0.8942068986692168 0.05643944161328937
-0.8990203548032073 -0.1009796451967927 -0.1009796451967927 0.04252923711047677
-0.1009796451967927 -0.8990203548032073 -0.1009796451967927 0.04252923711047677
-0.8990203548032073 -0.8990203548032073 -0.1009796451967927 0.04252923711047677
-0.1009796451967927 -0.1009796451967927 -0.8990203548032073 0.04252923711047677
-0.8990203548032073 -0.1009796451967927 -0.8990203548032073 0.04252923711047677
-0.1009796451967927 -0.8990203548032073 -0.8990203548032073 0.04252923711047677
0.621660482197097 -0.9574690549170335 -0.9574690549170335 0.010814361106537789
-0.9574690549170335 0.621660482197097 -0.9574690549170335 0.010814361106537789
-0.9574690549170335 -0.9574690549170335 0.621660482197097 0.010814361106537789
-0.70672237236303 -0.9574690549170335 -0.9574690549170335 0.010814361106537789
-0.70672237236303 0.621660482197097 -0.9574690549170335 0.010814361106537789
-0.70672237236303 -0.9574690549170335 0.621660482197097 0.010814361106537789
-0.9574690549170335 -0.70672237236303 -0.9574690549170335 0.010814361106537789
0.621660482197097 -0.70672237236303 -0.9574690549170335 0.010814361106537789
-0.9574690549170335 -0.70672237236303 0.621660482197097 0.010814361106537789
-0.9574690549170335 -0.9574690549170335 -0.70672237236303 0.010814361106537789
0.621660482197097 -0.9574690549170335 -0.70672237236303 0.010814361106537789
-0.9574690549170335 0.621660482197097 -0.70672237236303 0.010814361106537789
0.15034327517400015 -0.6223323379479979 -0.6223323379479979 0.04960950763777949
-0.6223323379479979 0.15034327517400015 -0.6223323379479979 0.04960950763777949
-0.6223323379479979 -0.6223323379479979 0.15034327517400015 0.04960950763777949
-0.9056785992780042 -0.6223323379479979 -0.6223323379479979 0.04960950763777949
-0.9056785992780042 0.15034327517400015 -0.6223323379479979 0.04960950763777949
-0.9056785992780042 -0.6223323379479979 0.15034327517400015 0.04960950763777949
-0.6223323379479979 -0.9056785992780042 -0.6223323379479979 0.04960950763777949
0.15034327517400015 -0.9056785992780042 -0.6223323379479979 0.04960950763777949
-0.6223323379479979 -0.9056785992780042 0.15034327517400015 0.04960950763777949
-0.6223323379479979 -0.6223323379479979 -0.9056785992780042 0.04960950763777949
0.15034327517400015 -0.6223323379479979 -0.9056785992780042 0.04960950763777949
-0.6223323379479979 0.15034327517400015 -0.9056785992780042 0.04960950763777949
