-0.9186520829307773 -0.9186520829307773 -0.9186520829307773 0.013436281407094191
0.7559562487923319 -0.9186520829307773 -0.9186520829307773 0.013436281407094191
-0.9186520829307773 0.7559562487923319 -0.9186520829307773 0.013436281407094191
-0.9186520829307773 -0.9186520829307773 0.7559562487923319 0.013436281407094191
-0.35532421971544903 -0.35532421971544903 -0.35532421971544903 0.07380957539153964
-0.934027340853653 -0.35532421971544903 -0.35532421971544903 0.07380957539153964
-0.35532421971544903 -0.934027340853653 -0.35532421971544903 0.07380957539153964
-0.35532421971544903 -0.35532421971544903 -0.934027340853653 0.07380957539153964
-0.570794257481696 -0.570794257481696 -0.570794257481696 0.05323033367755666
-0.28761722755491215 -0.570794257481696 -0.570794257481696 0.05323033367755666
-0.570794257481696 -0.28761722755491215 -0.570794257481696 0.05323033367755666
-0.570794257481696 -0.570794257481696 -0.28761722755491215 0.05323033367755666
0.20601132958329837 -0.8726779962499649 -0.8726779962499649 0.0642857142857143
-0.8726779962499649 0.20601132958329837 -0.8726779962499649 0.0642857142857143
-0.8726779962499649 -0.8726779962499649 0.20601132958329837 0.0642857142857143
-0.46065533708336837 -0.8726779962499649 -0.8726779962499649 0.0642857142857143
-0.46065533708336837 0.20601132958329837 -0.8726779962499649 0.0642857142857143
-0.46065533708336837 -0.8726779962499649 0.20601132958329837 0.0642857142857143
-0.8726779962499649 -0.46065533708336837 -0.8726779962499649 0.0642857142857143
0.20601132958329837 -0.46065533708336837 -0.8726779962499649 0.0642857142857143
-0.8726779962499649 -0.46065533708336837 0.20601132958329837 0.0642857142857143
-0.8726779962499649 -0.8726779962499649 -0.46065533708336837 0.0642857142857143
0.20601132958329837 -0.8726779962499649 -0.46065533708336837 0.0642857142857143
-0.8726779962499649 0.20601132958329837 -0.46065533708336837 0.0642857142857143
