-0.5 -0.5 -0.5 0.01263656661922874
-0.8075330641165976 -0.8075330641165976 -0.8075330641165976 0.0030795360621053754
0.42259919234979315 -0.8075330641165976 -0.8075330641165976 0.0030795360621053754
-0.8075330641165976 0.42259919234979315 -0.8075330641165976 0.0030795360621053754
-0.8075330641165976 -0.8075330641165976 0.42259919234979315 0.0030795360621053754
-0.431857805762889 -0.431857805762889 -0.431857805762889 0.0054553236829876445
-0.704426582711333 -0.431857805762889 -0.431857805762889 0.0054553236829876445
-0.431857805762889 -0.704426582711333 -0.431857805762889 0.0054553236829876445
-0.431857805762889 -0.431857805762889 -0.704426582711333 0.0054553236829876445
-0.9159756390047538 -0.9159756390047538 -0.9159756390047538 0.0015648728899310493
0.7479269170142615 -0.9159756390047538 -0.9159756390047538 0.0015648728899310493
-0.9159756390047538 0.7479269170142615 -0.9159756390047538 0.0015648728899310493
-0.9159756390047538 -0.9159756390047538 0.7479269170142615 0.0015648728899310493
-0.2587850024359051 -0.7412149975640949 -0.7412149975640949 0.007730345737091557
-0.7412149975640949 -0.2587850024359051 -0.7412149975640949 0.007730345737091557
-0.2587850024359051 -0.2587850024359051 -0.7412149975640949 0.007730345737091557
-0.7412149975640949 -0.7412149975640949 -0.2587850024359051 0.007730345737091557
-0.2587850024359051 -0.7412149975640949 -0.2587850024359051 0.007730345737091557
-0.7412149975640949 -0.2587850024359051 -0.2587850024359051 0.007730345737091557
0.5359399894787733 -0.8932137574933938 -0.8932137574933938 0.0027053235188092286
-0.8932137574933938 0.5359399894787733 -0.8932137574933938 0.0027053235188092286
-0.8932137574933938 -0.8932137574933938 0.5359399894787733 0.0027053235188092286
-0.7495124744919857 -0.8932137574933938 -0.8932137574933938 0.0027053235188092286
-0.7495124744919857 0.5359399894787733 -0.8932137574933938 0.0027053235188092286
-0.7495124744919857 -0.8932137574933938 0.5359399894787733 0.0027053235188092286
-0.8932137574933938 -0.7495124744919857 -0.8932137574933938 0.0027053235188092286
0.5359399894787733 -0.7495124744919857 -0.8932137574933938 0.0027053235188092286
-0.8932137574933938 -0.7495124744919857 0.5359399894787733 0.0027053235188092286
-0.8932137574933938 -0.8932137574933938 -0.7495124744919857 0.0027053235188092286
0.5359399894787733 -0.8932137574933938 -0.7495124744919857 0.0027053235188092286
-0.8932137574933938 0.5359399894787733 -0.7495124744919857 0.0027053235188092286
-0.6679321493589401 -0.9894988921861608 -0.9894988921861608 0.000267447798014191
-0.9894988921861608 -0.6679321493589401 -0.9894988921861608 0.000267447798014191
-0.9894988921861608 -0.9894988921861608 -0.6679321493589401 0.000267447798014191
0.6469299337312617 -0.9894988921861608 -0.9894988921861608 0.000267447798014191
0.6469299337312617 -0.6679321493589401 -0.9894988921861608 0.000267447798014191
0.6469299337312617 -0.9894988921861608 -0.6679321493589401 0.000267447798014191
-0.9894988921861608 0.6469299337312617 -0.9894988921861608 0.000267447798014191
-0.6679321493589401 0.6469299337312617 -0.9894988921861608 0.000267447798014191
-0.9894988921861608 0.6469299337312617 -0.6679321493589401 0.000267447798014191
-0.9894988921861608 -0.9894988921861608 0.6469299337312617 0.000267447798014191
-0.6679321493589401 -0.9894988921861608 0.6469299337312617 0.000267447798014191
-0.9894988921861608 -0.6679321493589401 0.6469299337312617 0.000267447798014191
-0.7931908009813344 -0.5742013352610682 -0.5742013352610682 0.0038774132966091983
-0.5742013352610682 -0.7931908009813344 -0.5742013352610682 0.0038774132966091983
-0.5742013352610682 -0.5742013352610682 -0.7931908009813344 0.0038774132966091983
-0.058406528496529164 -0.5742013352610682 -0.5742013352610682 0.0038774132966091983
-0.058406528496529164 -0.7931908009813344 -0.5742013352610682 0.0038774132966091983
-0.058406528496529164 -0.5742013352610682 -0.7931908009813344 0.0038774132966091983
-0.5742013352610682 -0.058406528496529164 -0.5742013352610682 0.0038774132966091983
-0.7931908009813344 -0.058406528496529164 -0.5742013352610682 0.0038774132966091983
-0.5742013352610682 -0.058406528496529164 -0.7931908009813344 0.0038774132966091983
-0.5742013352610682 -0.5742013352610682 -0.058406528496529164 0.0038774132966091983
-0.7931908009813344 -0.5742013352610682 -0.058406528496529164 0.0038774132966091983
-0.5742013352610682 -0.7931908009813344 -0.058406528496529164 0.0038774132966091983
-0.7333287307135956 -0.1931729348045541 -0.1931729348045541 0.0033761046177161786
-0.1931729348045541 -0.7333287307135956 -0.1931729348045541 0.0033761046177161786
-0.1931729348045541 -0.1931729348045541 -0.7333287307135956 0.0033761046177161786
-0.8803253996772962 -0.1931729348045541 -0.1931729348045541 0.0033761046177161786
-0.8803253996772962 -0.7333287307135956 -0.1931729348045541 0.0033761046177161786
-0.8803253996772962 -0.1931729348045541 -0.7333287307135956 0.0033761046177161786
-0.1931729348045541 -0.8803253996772962 -0.1931729348045541 0.0033761046177161786
-0.7333287307135956 -0.8803253996772962 -0.1931729348045541 0.0033761046177161786
-0.1931729348045541 -0.8803253996772962 -0.7333287307135956 0.0033761046177161786
-0.1931729348045541 -0.1931729348045541 -0.8803253996772962 0.0033761046177161786
-0.7333287307135956 -0.1931729348045541 -0.8803253996772962 0.0033761046177161786
-0.1931729348045541 -0.7333287307135956 -0.8803253996772962 0.0033761046177161786
0.10647593561417912 -0.9762237613837745 -0.9762237613837745 0.0009791594315088185
-0.9762237613837745 0.10647593561417912 -0.9762237613837745 0.0009791594315088185
-0.9762237613837745 -0.9762237613837745 0.10647593561417912 0.0009791594315088185
-0.15402841284663005 -0.9762237613837745 -0.9762237613837745 0.0009791594315088185
-0.15402841284663005 0.10647593561417912 -0.9762237613837745 0.0009791594315088185
-0.15402841284663005 -0.9762237613837745 0.10647593561417912 0.0009791594315088185
-0.9762237613837745 -0.15402841284663005 -0.9762237613837745 0.0009791594315088185
0.10647593561417912 -0.15402841284663005 -0.9762237613837745 0.0009791594315088185
-0.9762237613837745 -0.15402841284663005 0.10647593561417912 0.0009791594315088185
-0.9762237613837745 -0.9762237613837745 -0.15402841284663005 0.0009791594315088185
0.10647593561417912 -0.9762237613837745 -0.15402841284663005 0.0009791594315088185
-0.9762237613837745 0.10647593561417912 -0.15402841284663005 0.0009791594315088185
0.6161390303818204 -0.8219376689758675 -0.8219376689758675 0.0014349114327191998
-0.8219376689758675 0.6161390303818204 -0.8219376689758675 0.0014349114327191998
-0.8219376689758675 -0.8219376689758675 0.6161390303818204 0.0014349114327191998
-0.9722636924300855 -0.8219376689758675 -0.8219376689758675 0.0014349114327191998
-0.9722636924300855 0.6161390303818204 -0.8219376689758675 0.0014349114327191998
-0.9722636924300855 -0.8219376689758675 0.6161390303818204 0.0014349114327191998
-0.8219376689758675 -0.9722636924300855 -0.8219376689758675 0.0014349114327191998
0.6161390303818204 -0.9722636924300855 -0.8219376689758675 0.0014349114327191998
-0.8219376689758675 -0.9722636924300855 0.6161390303818204 0.0014349114327191998
-0.8219376689758675 -0.8219376689758675 -0.9722636924300855 0.0014349114327191998
0.6161390303818204 -0.8219376689758675 -0.9722636924300855 0.0014349114327191998
-0.8219376689758675 0.6161390303818204 -0.9722636924300855 0.0014349114327191998
-0.025343926941019723 -0.8969664260820168 -0.8969664260820168 0.002648554236175285
-0.8969664260820168 -0.025343926941019723 -0.8969664260820168 0.002648554236175285
-0.8969664260820168 -0.8969664260820168 -0.025343926941019723 0.002648554236175285
-0.18072322089494675 -0.8969664260820168 -0.8969664260820168 0.002648554236175285
-0.18072322089494675 -0.025343926941019723 -0.8969664260820168 0.002648554236175285
-0.18072322089494675 -0.8969664260820168 -0.025343926941019723 0.002648554236175285
-0.8969664260820168 -0.18072322089494675 -0.8969664260820168 0.002648554236175285
-0.025343926941019723 -0.18072322089494675 -0.8969664260820168 0.002648554236175285
-0.8969664260820168 -0.18072322089494675 -0.025343926941019723 0.002648554236175285
-0.8969664260820168 -0.8969664260820168 -0.18072322089494675 0.002648554236175285
-0.025343926941019723 -0.8969664260820168 -0.18072322089494675 0.002648554236175285
-0.8969664260820168 -0.025343926941019723 -0.18072322089494675 0.002648554236175285
-0.5067700112711834 -0.7640014295404658 -0.7640014295404658 0.00672842315239193
-0.7640014295404658 -0.5067700112711834 -0.7640014295404658 0.00672842315239193
-0.7640014295404658 -0.7640014295404658 -0.5067700112711834 0.00672842315239193
0.03477287035211507 -0.7640014295404658 -0.7640014295404658 0.00672842315239193
0.03477287035211507 -0.5067700112711834 -0.7640014295404658 0.00672842315239193
0.03477287035211507 -0.7640014295404658 -0.5067700112711834 0.00672842315239193
-0.7640014295404658 0.03477287035211507 -0.7640014295404658 0.00672842315239193
-0.5067700112711834 0.03477287035211507 -0.7640014295404658 0.00672842315239193
-0.7640014295404658 0.03477287035211507 -0.5067700112711834 0.00672842315239193
-0.7640014295404658 -0.7640014295404658 0.03477287035211507 0.00672842315239193
-0.5067700112711834 -0.7640014295404658 0.03477287035211507 0.00672842315239193
-0.7640014295404658 -0.5067700112711834 0.03477287035211507 0.00672842315239193
-0.4437171362287745 -0.9078297533014282 -0.9078297533014282 0.003589709947374737
-0.9078297533014282 -0.4437171362287745 -0.9078297533014282 0.003589709947374737
-0.9078297533014282 -0.9078297533014282 -0.4437171362287745 0.003589709947374737
0.25937664283163087 -0.9078297533014282 -0.9078297533014282 0.003589709947374737
0.25937664283163087 -0.4437171362287745 -0.9078297533014282 0.003589709947374737
0.25937664283163087 -0.9078297533014282 -0.4437171362287745 0.003589709947374737
-0.9078297533014282 0.25937664283163087 -0.9078297533014282 0.003589709947374737
-0.4437171362287745 0.25937664283163087 -0.9078297533014282 0.003589709947374737
-0.9078297533014282 0.25937664283163087 -0.4437171362287745 0.003589709947374737
-0.9078297533014282 -0.9078297533014282 0.25937664283163087 0.003589709947374737
-0.4437171362287745 -0.9078297533014282 0.25937664283163087 0.003589709947374737
-0.9078297533014282 -0.4437171362287745 0.25937664283163087 0.003589709947374737
-0.9836507001032211 -0.7179626583804204 -0.7179626583804204 0.001774181718005068
-0.7179626583804204 -0.9836507001032211 -0.7179626583804204 0.001774181718005068
-0.7179626583804204 -0.7179626583804204 -0.9836507001032211 0.001774181718005068
0.4195760168640619 -0.7179626583804204 -0.7179626583804204 0.001774181718005068
0.4195760168640619 -0.9836507001032211 -0.7179626583804204 0.001774181718005068
0.4195760168640619 -0.7179626583804204 -0.9836507001032211 0.001774181718005068
-0.7179626583804204 0.4195760168640619 -0.7179626583804204 0.001774181718005068
-0.9836507001032211 0.4195760168640619 -0.7179626583804204 0.001774181718005068
-0.7179626583804204 0.4195760168640619 -0.9836507001032211 0.001774181718005068
-0.7179626583804204 -0.7179626583804204 0.4195760168640619 0.001774181718005068
-0.9836507001032211 -0.7179626583804204 0.4195760168640619 0.001774181718005068
-0.7179626583804204 -0.9836507001032211 0.4195760168640619 0.001774181718005068
0.17117375351979391 -0.7177931182601467 -0.7177931182601467 0.0023772385344704734
-0.7177931182601467 0.17117375351979391 -0.7177931182601467 0.0023772385344704734
-0.7177931182601467 -0.7177931182601467 0.17117375351979391 0.0023772385344704734
-0.7355875169995005 -0.7177931182601467 -0.7177931182601467 0.0023772385344704734
-0.7355875169995005 0.17117375351979391 -0.7177931182601467 0.0023772385344704734
-0.7355875169995005 -0.7177931182601467 0.17117375351979391 0.0023772385344704734
-0.7177931182601467 -0.7355875169995005 -0.7177931182601467 0.0023772385344704734
0.17117375351979391 -0.7355875169995005 -0.7177931182601467 0.0023772385344704734
-0.7177931182601467 -0.7355875169995005 0.17117375351979391 0.0023772385344704734
-0.7177931182601467 -0.7177931182601467 -0.7355875169995005 0.0023772385344704734
0.17117375351979391 -0.7177931182601467 -0.7355875169995005 0.0023772385344704734
-0.7177931182601467 0.17117375351979391 -0.7355875169995005 0.0023772385344704734
-0.9392823238187613 -0.9841762755903578 -0.9841762755903578 0.00016840211015792716
-0.9841762755903578 -0.9392823238187613 -0.9841762755903578 0.00016840211015792716
-0.9841762755903578 -0.9841762755903578 -0.9392823238187613 0.00016840211015792716
0.9076348749994769 -0.9841762755903578 -0.9841762755903578 0.00016840211015792716
0.9076348749994769 -0.9392823238187613 -0.9841762755903578 0.00016840211015792716
0.9076348749994769 -0.9841762755903578 -0.9392823238187613 0.00016840211015792716
-0.9841762755903578 0.9076348749994769 -0.9841762755903578 0.00016840211015792716
-0.9392823238187613 0.9076348749994769 -0.9841762755903578 0.00016840211015792716
-0.9841762755903578 0.9076348749994769 -0.9392823238187613 0.00016840211015792716
-0.9841762755903578 -0.9841762755903578 0.9076348749994769 0.00016840211015792716
-0.9392823238187613 -0.9841762755903578 0.9076348749994769 0.00016840211015792716
-0.9841762755903578 -0.9392823238187613 0.9076348749994769 0.00016840211015792716
-0.5077520824366302 -0.6477975770593651 -0.6477975770593651 0.004325681258425564
-0.6477975770593651 -0.5077520824366302 -0.6477975770593651 0.004325681258425564
-0.6477975770593651 -0.6477975770593651 -0.5077520824366302 0.004325681258425564
-0.19665276344463956 -0.6477975770593651 -0.6477975770593651 0.004325681258425564
-0.19665276344463956 -0.5077520824366302 -0.6477975770593651 0.004325681258425564
-0.19665276344463956 -0.6477975770593651 -0.5077520824366302 0.004325681258425564
-0.6477975770593651 -0.19665276344463956 -0.6477975770593651 0.004325681258425564
-0.5077520824366302 -0.19665276344463956 -0.6477975770593651 0.004325681258425564
-0.6477975770593651 -0.19665276344463956 -0.5077520824366302 0.004325681258425564
-0.6477975770593651 -0.6477975770593651 -0.19665276344463956 0.004325681258425564
-0.5077520824366302 -0.6477975770593651 -0.19665276344463956 0.004325681258425564
-0.6477975770593651 -0.5077520824366302 -0.19665276344463956 0.004325681258425564
0.5388248082299629 -0.9093772511695803 -0.6527009818112086 0.0013979975809500324
0.5388248082299629 -0.6527009818112086 -0.9093772511695803 0.0013979975809500324
-0.9093772511695803 0.5388248082299629 -0.6527009818112086 0.0013979975809500324
-0.6527009818112086 0.5388248082299629 -0.9093772511695803 0.0013979975809500324
-0.9093772511695803 -0.6527009818112086 0.5388248082299629 0.0013979975809500324
-0.6527009818112086 -0.9093772511695803 0.5388248082299629 0.0013979975809500324
-0.976746575249174 -0.9093772511695803 -0.6527009818112086 0.0013979975809500324
-0.976746575249174 -0.6527009818112086 -0.9093772511695803 0.0013979975809500324
-0.976746575249174 0.5388248082299629 -0.6527009818112086 0.0013979975809500324
-0.976746575249174 0.5388248082299629 -0.9093772511695803 0.0013979975809500324
-0.976746575249174 -0.6527009818112086 0.5388248082299629 0.0013979975809500324
-0.976746575249174 -0.9093772511695803 0.5388248082299629 0.0013979975809500324
-0.9093772511695803 -0.976746575249174 -0.6527009818112086 0.0013979975809500324
-0.6527009818112086 -0.976746575249174 -0.9093772511695803 0.0013979975809500324
0.5388248082299629 -0.976746575249174 -0.6527009818112086 0.0013979975809500324
0.5388248082299629 -0.976746575249174 -0.9093772511695803 0.0013979975809500324
-0.6527009818112086 -0.976746575249174 0.5388248082299629 0.0013979975809500324
-0.9093772511695803 -0.976746575249174 0.5388248082299629 0.0013979975809500324
-0.9093772511695803 -0.6527009818112086 -0.976746575249174 0.0013979975809500324
-0.6527009818112086 -0.9093772511695803 -0.976746575249174 0.0013979975809500324
0.5388248082299629 -0.6527009818112086 -0.976746575249174 0.0013979975809500324
0.5388248082299629 -0.9093772511695803 -0.976746575249174 0.0013979975809500324
-0.6527009818112086 0.5388248082299629 -0.976746575249174 0.0013979975809500324
-0.9093772511695803 0.5388248082299629 -0.976746575249174 0.0013979975809500324
-0.7720185313220463 -0.6195060459380977 0.2934666492839879 0.004807654327646139
-0.7720185313220463 0.2934666492839879 -0.6195060459380977 0.004807654327646139
-0.6195060459380977 -0.7720185313220463 0.2934666492839879 0.004807654327646139
0.2934666492839879 -0.7720185313220463 -0.6195060459380977 0.004807654327646139
-0.6195060459380977 0.2934666492839879 -0.7720185313220463 0.004807654327646139
0.2934666492839879 -0.6195060459380977 -0.7720185313220463 0.004807654327646139
-0.9019420720238439 -0.6195060459380977 0.2934666492839879 0.004807654327646139
-0.9019420720238439 0.2934666492839879 -0.6195060459380977 0.004807654327646139
-0.9019420720238439 -0.7720185313220463 0.2934666492839879 0.004807654327646139
-0.9019420720238439 -0.7720185313220463 -0.6195060459380977 0.004807654327646139
-0.9019420720238439 0.2934666492839879 -0.7720185313220463 0.004807654327646139
-0.9019420720238439 -0.6195060459380977 -0.7720185313220463 0.004807654327646139
-0.6195060459380977 -0.9019420720238439 0.2934666492839879 0.004807654327646139
0.2934666492839879 -0.9019420720238439 -0.6195060459380977 0.004807654327646139
-0.7720185313220463 -0.9019420720238439 0.2934666492839879 0.004807654327646139
-0.7720185313220463 -0.9019420720238439 -0.6195060459380977 0.004807654327646139
0.2934666492839879 -0.9019420720238439 -0.7720185313220463 0.004807654327646139
-0.6195060459380977 -0.9019420720238439 -0.7720185313220463 0.004807654327646139
-0.6195060459380977 0.2934666492839879 -0.9019420720238439 0.004807654327646139
0.2934666492839879 -0.6195060459380977 -0.9019420720238439 0.004807654327646139
-0.7720185313220463 0.2934666492839879 -0.9019420720238439 0.004807654327646139
-0.7720185313220463 -0.6195060459380977 -0.9019420720238439 0.004807654327646139
0.2934666492839879 -0.7720185313220463 -0.9019420720238439 0.004807654327646139
-0.6195060459380977 -0.7720185313220463 -0.9019420720238439 0.004807654327646139
0.009044839437908347 -0.5948235785370759 -0.5182283872019164 0.003415411210493126
0.009044839437908347 -0.5182283872019164 -0.5948235785370759 0.003415411210493126
-0.5948235785370759 0.009044839437908347 -0.5182283872019164 0.003415411210493126
-0.5182283872019164 0.009044839437908347 -0.5948235785370759 0.003415411210493126
-0.5948235785370759 -0.5182283872019164 0.009044839437908347 0.003415411210493126
-0.5182283872019164 -0.5948235785370759 0.009044839437908347 0.003415411210493126
-0.8959928736989162 -0.5948235785370759 -0.5182283872019164 0.003415411210493126
-0.8959928736989162 -0.5182283872019164 -0.5948235785370759 0.003415411210493126
-0.8959928736989162 0.009044839437908347 -0.5182283872019164 0.003415411210493126
-0.8959928736989162 0.009044839437908347 -0.5948235785370759 0.003415411210493126
-0.8959928736989162 -0.5182283872019164 0.009044839437908347 0.003415411210493126
-0.8959928736989162 -0.5948235785370759 0.009044839437908347 0.003415411210493126
-0.5948235785370759 -0.8959928736989162 -0.5182283872019164 0.003415411210493126
-0.5182283872019164 -0.8959928736989162 -0.5948235785370759 0.003415411210493126
0.009044839437908347 -0.8959928736989162 -0.5182283872019164 0.003415411210493126
0.009044839437908347 -0.8959928736989162 -0.5948235785370759 0.003415411210493126
-0.5182283872019164 -0.8959928736989162 0.009044839437908347 0.003415411210493126
-0.5948235785370759 -0.8959928736989162 0.009044839437908347 0.003415411210493126
-0.5948235785370759 -0.5182283872019164 -0.8959928736989162 0.003415411210493126
-0.5182283872019164 -0.5948235785370759 -0.8959928736989162 0.003415411210493126
0.009044839437908347 -0.5182283872019164 -0.8959928736989162 0.003415411210493126
0.009044839437908347 -0.5948235785370759 -0.8959928736989162 0.003415411210493126
-0.5182283872019164 0.009044839437908347 -0.8959928736989162 0.003415411210493126
-0.5948235785370759 0.009044839437908347 -0.8959928736989162 0.003415411210493126
-0.22013157241232129 -0.874390802690846 0.07522033124913818 0.001998557957112555
-0.22013157241232129 0.07522033124913818 -0.874390802690846 0.001998557957112555
-0.874390802690846 -0.22013157241232129 0.07522033124913818 0.001998557957112555
0.07522033124913818 -0.22013157241232129 -0.874390802690846 0.001998557957112555
-0.874390802690846 0.07522033124913818 -0.22013157241232129 0.001998557957112555
0.07522033124913818 -0.874390802690846 -0.22013157241232129 0.001998557957112555
-0.9806979561459709 -0.874390802690846 0.07522033124913818 0.001998557957112555
-0.9806979561459709 0.07522033124913818 -0.874390802690846 0.001998557957112555
-0.9806979561459709 -0.22013157241232129 0.07522033124913818 0.001998557957112555
-0.9806979561459709 -0.22013157241232129 -0.874390802690846 0.001998557957112555
-0.9806979561459709 0.07522033124913818 -0.22013157241232129 0.001998557957112555
-0.9806979561459709 -0.874390802690846 -0.22013157241232129 0.001998557957112555
-0.874390802690846 -0.9806979561459709 0.07522033124913818 0.001998557957112555
0.07522033124913818 -0.9806979561459709 -0.874390802690846 0.001998557957112555
-0.22013157241232129 -0.9806979561459709 0.07522033124913818 0.001998557957112555
-0.22013157241232129 -0.9806979561459709 -0.874390802690846 0.001998557957112555
0.07522033124913818 -0.9806979561459709 -0.22013157241232129 0.001998557957112555
-0.874390802690846 -0.9806979561459709 -0.22013157241232129 0.001998557957112555
-0.874390802690846 0.07522033124913818 -0.9806979561459709 0.001998557957112555
0.07522033124913818 -0.874390802690846 -0.9806979561459709 0.001998557957112555
-0.22013157241232129 0.07522033124913818 -0.9806979561459709 0.001998557957112555
-0.22013157241232129 -0.874390802690846 -0.9806979561459709 0.001998557957112555
0.07522033124913818 -0.22013157241232129 -0.9806979561459709 0.001998557957112555
-0.874390802690846 -0.22013157241232129 -0.9806979561459709 0.001998557957112555
-0.9794979604576618 -0.6621930777863397 0.13323897066450985 0.0024190994297699775
-0.9794979604576618 0.13323897066450985 -0.6621930777863397 0.0024190994297699775
-0.6621930777863397 -0.9794979604576618 0.13323897066450985 0.0024190994297699775
0.13323897066450985 -0.9794979604576618 -0.6621930777863397 0.0024190994297699775
-0.6621930777863397 0.13323897066450985 -0.9794979604576618 0.0024190994297699775
0.13323897066450985 -0.6621930777863397 -0.9794979604576618 0.0024190994297699775
-0.4915479324205082 -0.6621930777863397 0.13323897066450985 0.0024190994297699775
-0.4915479324205082 0.13323897066450985 -0.6621930777863397 0.0024190994297699775
-0.4915479324205082 -0.9794979604576618 0.13323897066450985 0.0024190994297699775
-0.4915479324205082 -0.9794979604576618 -0.6621930777863397 0.0024190994297699775
-0.4915479324205082 0.13323897066450985 -0.9794979604576618 0.0024190994297699775
-0.4915479324205082 -0.6621930777863397 -0.9794979604576618 0.0024190994297699775
-0.6621930777863397 -0.4915479324205082 0.13323897066450985 0.0024190994297699775
0.13323897066450985 -0.4915479324205082 -0.6621930777863397 0.0024190994297699775
-0.9794979604576618 -0.4915479324205082 0.13323897066450985 0.0024190994297699775
-0.9794979604576618 -0.4915479324205082 -0.6621930777863397 0.0024190994297699775
0.13323897066450985 -0.4915479324205082 -0.9794979604576618 0.0024190994297699775
-0.6621930777863397 -0.4915479324205082 -0.9794979604576618 0.0024190994297699775
-0.6621930777863397 0.13323897066450985 -0.4915479324205082 0.0024190994297699775
0.13323897066450985 -0.6621930777863397 -0.4915479324205082 0.0024190994297699775
-0.9794979604576618 0.13323897066450985 -0.4915479324205082 0.0024190994297699775
-0.9794979604576618 -0.6621930777863397 -0.4915479324205082 0.0024190994297699775
0.13323897066450985 -0.9794979604576618 -0.4915479324205082 0.0024190994297699775
-0.6621930777863397 -0.9794979604576618 -0.4915479324205082 0.0024190994297699775
-0.2570581370756353 -0.7434395402346909 -0.5647505924777789 0.003845250765328227
-0.2570581370756353 -0.5647505924777789 -0.7434395402346909 0.003845250765328227
-0.7434395402346909 -0.2570581370756353 -0.5647505924777789 0.003845250765328227
-0.5647505924777789 -0.2570581370756353 -0.7434395402346909 0.003845250765328227
-0.7434395402346909 -0.5647505924777789 -0.2570581370756353 0.003845250765328227
-0.5647505924777789 -0.7434395402346909 -0.2570581370756353 0.003845250765328227
-0.43475173021189484 -0.7434395402346909 -0.5647505924777789 0.003845250765328227
-0.43475173021189484 -0.5647505924777789 -0.7434395402346909 0.003845250765328227
-0.43475173021189484 -0.2570581370756353 -0.5647505924777789 0.003845250765328227
-0.43475173021189484 -0.2570581370756353 -0.7434395402346909 0.003845250765328227
-0.43475173021189484 -0.5647505924777789 -0.2570581370756353 0.003845250765328227
-0.43475173021189484 -0.7434395402346909 -0.2570581370756353 0.003845250765328227
-0.7434395402346909 -0.43475173021189484 -0.5647505924777789 0.003845250765328227
-0.5647505924777789 -0.43475173021189484 -0.7434395402346909 0.003845250765328227
-0.2570581370756353 -0.43475173021189484 -0.5647505924777789 0.003845250765328227
-0.2570581370756353 -0.43475173021189484 -0.7434395402346909 0.003845250765328227
-0.5647505924777789 -0.43475173021189484 -0.2570581370756353 0.003845250765328227
-0.7434395402346909 -0.43475173021189484 -0.2570581370756353 0.003845250765328227
-0.7434395402346909 -0.5647505924777789 -0.43475173021189484 0.003845250765328227
-0.5647505924777789 -0.7434395402346909 -0.43475173021189484 0.003845250765328227
-0.2570581370756353 -0.5647505924777789 -0.43475173021189484 0.003845250765328227
-0.2570581370756353 -0.7434395402346909 -0.43475173021189484 0.003845250765328227
-0.5647505924777789 -0.2570581370756353 -0.43475173021189484 0.003845250765328227
-0.7434395402346909 -0.2570581370756353 -0.43475173021189484 0.003845250765328227
-0.5352523537480215 -0.24936713955033318 -0.32835199879359744 0.004255215073628348
-0.5352523537480215 -0.32835199879359744 -0.24936713955033318 0.004255215073628348
-0.24936713955033318 -0.5352523537480215 -0.32835199879359744 0.004255215073628348
-0.32835199879359744 -0.5352523537480215 -0.24936713955033318 0.004255215073628348
-0.24936713955033318 -0.32835199879359744 -0.5352523537480215 0.004255215073628348
-0.32835199879359744 -0.24936713955033318 -0.5352523537480215 0.004255215073628348
-0.8870285079080479 -0.24936713955033318 -0.32835199879359744 0.004255215073628348
-0.8870285079080479 -0.32835199879359744 -0.24936713955033318 0.004255215073628348
-0.8870285079080479 -0.5352523537480215 -0.32835199879359744 0.004255215073628348
-0.8870285079080479 -0.5352523537480215 -0.24936713955033318 0.004255215073628348
-0.8870285079080479 -0.32835199879359744 -0.5352523537480215 0.004255215073628348
-0.8870285079080479 -0.24936713955033318 -0.5352523537480215 0.004255215073628348
-0.24936713955033318 -0.8870285079080479 -0.32835199879359744 0.004255215073628348
-0.32835199879359744 -0.8870285079080479 -0.24936713955033318 0.004255215073628348
-0.5352523537480215 -0.8870285079080479 -0.32835199879359744 0.004255215073628348
-0.5352523537480215 -0.8870285079080479 -0.24936713955033318 0.004255215073628348
-0.32835199879359744 -0.8870285079080479 -0.5352523537480215 0.004255215073628348
-0.24936713955033318 -0.8870285079080479 -0.5352523537480215 0.004255215073628348
-0.24936713955033318 -0.32835199879359744 -0.8870285079080479 0.004255215073628348
-0.32835199879359744 -0.24936713955033318 -0.8870285079080479 0.004255215073628348
-0.5352523537480215 -0.32835199879359744 -0.8870285079080479 0.004255215073628348
-0.5352523537480215 -0.24936713955033318 -0.8870285079080479 0.004255215073628348
-0.32835199879359744 -0.5352523537480215 -0.8870285079080479 0.004255215073628348
-0.24936713955033318 -0.5352523537480215 -0.8870285079080479 0.004255215073628348
-0.9435335217904558 -0.8364673061340293 -0.9880635563308089 0.0005273709782649009
-0.9435335217904558 -0.9880635563308089 -0.8364673061340293 0.0005273709782649009
-0.8364673061340293 -0.9435335217904558 -0.9880635563308089 0.0005273709782649009
-0.9880635563308089 -0.9435335217904558 -0.8364673061340293 0.0005273709782649009
-0.8364673061340293 -0.9880635563308089 -0.9435335217904558 0.0005273709782649009
-0.9880635563308089 -0.8364673061340293 -0.9435335217904558 0.0005273709782649009
0.7680643842552941 -0.8364673061340293 -0.9880635563308089 0.0005273709782649009
0.7680643842552941 -0.9880635563308089 -0.8364673061340293 0.0005273709782649009
0.7680643842552941 -0.9435335217904558 -0.9880635563308089 0.0005273709782649009
0.7680643842552941 -0.9435335217904558 -0.8364673061340293 0.0005273709782649009
0.7680643842552941 -0.9880635563308089 -0.9435335217904558 0.0005273709782649009
0.7680643842552941 -0.8364673061340293 -0.9435335217904558 0.0005273709782649009
-0.8364673061340293 0.7680643842552941 -0.9880635563308089 0.0005273709782649009
-0.9880635563308089 0.7680643842552941 -0.8364673061340293 0.0005273709782649009
-0.9435335217904558 0.7680643842552941 -0.9880635563308089 0.0005273709782649009
-0.9435335217904558 0.7680643842552941 -0.8364673061340293 0.0005273709782649009
-0.9880635563308089 0.7680643842552941 -0.9435335217904558 0.0005273709782649009
-0.8364673061340293 0.7680643842552941 -0.9435335217904558 0.0005273709782649009
-0.8364673061340293 -0.9880635563308089 0.7680643842552941 0.0005273709782649009
-0.9880635563308089 -0.8364673061340293 0.7680643842552941 0.0005273709782649009
-0.9435335217904558 -0.9880635563308089 0.7680643842552941 0.0005273709782649009
-0.9435335217904558 -0.8364673061340293 0.7680643842552941 0.0005273709782649009
-0.9880635563308089 -0.9435335217904558 0.7680643842552941 0.0005273709782649009
-0.8364673061340293 -0.9435335217904558 0.7680643842552941 0.0005273709782649009
-0.061725311414628226 -0.25455699822435796 -0.704757978373961 0.0021896149758876826
-0.061725311414628226 -0.704757978373961 -0.25455699822435796 0.0021896149758876826
-0.25455699822435796 -0.061725311414628226 -0.704757978373961 0.0021896149758876826
-0.704757978373961 -0.061725311414628226 -0.25455699822435796 0.0021896149758876826
-0.25455699822435796 -0.704757978373961 -0.061725311414628226 0.0021896149758876826
-0.704757978373961 -0.25455699822435796 -0.061725311414628226 0.0021896149758876826
-0.9789597119870528 -0.25455699822435796 -0.704757978373961 0.0021896149758876826
-0.9789597119870528 -0.704757978373961 -0.25455699822435796 0.0021896149758876826
-0.9789597119870528 -0.061725311414628226 -0.704757978373961 0.0021896149758876826
-0.9789597119870528 -0.061725311414628226 -0.25455699822435796 0.0021896149758876826
-0.9789597119870528 -0.704757978373961 -0.061725311414628226 0.0021896149758876826
-0.9789597119870528 -0.25455699822435796 -0.061725311414628226 0.0021896149758876826
-0.25455699822435796 -0.9789597119870528 -0.704757978373961 0.0021896149758876826
-0.704757978373961 -0.9789597119870528 -0.25455699822435796 0.0021896149758876826
-0.061725311414628226 -0.9789597119870528 -0.704757978373961 0.0021896149758876826
-0.061725311414628226 -0.9789597119870528 -0.25455699822435796 0.0021896149758876826
-0.704757978373961 -0.9789597119870528 -0.061725311414628226 0.0021896149758876826
-0.25455699822435796 -0.9789597119870528 -0.061725311414628226 0.0021896149758876826
-0.25455699822435796 -0.704757978373961 -0.9789597119870528 0.0021896149758876826
-0.704757978373961 -0.25455699822435796 -0.9789597119870528 0.0021896149758876826
-0.061725311414628226 -0.704757978373961 -0.9789597119870528 0.0021896149758876826
-0.061725311414628226 -0.25455699822435796 -0.9789597119870528 0.0021896149758876826
-0.704757978373961 -0.061725311414628226 -0.9789597119870528 0.0021896149758876826
-0.25455699822435796 -0.061725311414628226 -0.9789597119870528 0.0021896149758876826
-0.9875176991314921 -0.423784597476509 0.37048655300010735 0.0006187894529946252
-0.9875176991314921 0.37048655300010735 -0.423784597476509 0.0006187894529946252
-0.423784597476509 -0.9875176991314921 0.37048655300010735 0.0006187894529946252
0.37048655300010735 -0.9875176991314921 -0.423784597476509 0.0006187894529946252
-0.423784597476509 0.37048655300010735 -0.9875176991314921 0.0006187894529946252
0.37048655300010735 -0.423784597476509 -0.9875176991314921 0.0006187894529946252
-0.9591842563921062 -0.423784597476509 0.37048655300010735 0.0006187894529946252
-0.9591842563921062 0.37048655300010735 -0.423784597476509 0.0006187894529946252
-0.9591842563921062 -0.9875176991314921 0.37048655300010735 0.0006187894529946252
-0.9591842563921062 -0.9875176991314921 -0.423784597476509 0.0006187894529946252
-0.9591842563921062 0.37048655300010735 -0.9875176991314921 0.0006187894529946252
-0.9591842563921062 -0.423784597476509 -0.9875176991314921 0.0006187894529946252
-0.423784597476509 -0.9591842563921062 0.37048655300010735 0.0006187894529946252
0.37048655300010735 -0.9591842563921062 -0.423784597476509 0.0006187894529946252
-0.9875176991314921 -0.9591842563921062 0.37048655300010735 0.0006187894529946252
-0.9875176991314921 -0.9591842563921062 -0.423784597476509 0.0006187894529946252
0.37048655300010735 -0.9591842563921062 -0.9875176991314921 0.0006187894529946252
-0.423784597476509 -0.9591842563921062 -0.9875176991314921 0.0006187894529946252
-0.423784597476509 0.37048655300010735 -0.9591842563921062 0.0006187894529946252
0.37048655300010735 -0.423784597476509 -0.9591842563921062 0.0006187894529946252
-0.9875176991314921 0.37048655300010735 -0.9591842563921062 0.0006187894529946252
-0.9875176991314921 -0.423784597476509 -0.9591842563921062 0.0006187894529946252
0.37048655300010735 -0.9875176991314921 -0.9591842563921062 0.0006187894529946252
-0.423784597476509 -0.9875176991314921 -0.9591842563921062 0.0006187894529946252
-0.49028579812709006 -0.9830326459390226 0.30592071037410995 0.0016144871199920369
-0.49028579812709006 0.30592071037410995 -0.9830326459390226 0.0016144871199920369
-0.9830326459390226 -0.49028579812709006 0.30592071037410995 0.0016144871199920369
0.30592071037410995 -0.49028579812709006 -0.9830326459390226 0.0016144871199920369
-0.9830326459390226 0.30592071037410995 -0.49028579812709006 0.0016144871199920369
0.30592071037410995 -0.9830326459390226 -0.49028579812709006 0.0016144871199920369
-0.8326022663079973 -0.9830326459390226 0.30592071037410995 0.0016144871199920369
-0.8326022663079973 0.30592071037410995 -0.9830326459390226 0.0016144871199920369
-0.8326022663079973 -0.49028579812709006 0.30592071037410995 0.0016144871199920369
-0.8326022663079973 -0.49028579812709006 -0.9830326459390226 0.0016144871199920369
-0.8326022663079973 0.30592071037410995 -0.49028579812709006 0.0016144871199920369
-0.8326022663079973 -0.9830326459390226 -0.49028579812709006 0.0016144871199920369
-0.9830326459390226 -0.8326022663079973 0.30592071037410995 0.0016144871199920369
0.30592071037410995 -0.8326022663079973 -0.9830326459390226 0.0016144871199920369
-0.49028579812709006 -0.8326022663079973 0.30592071037410995 0.0016144871199920369
-0.49028579812709006 -0.8326022663079973 -0.9830326459390226 0.0016144871199920369
0.30592071037410995 -0.8326022663079973 -0.49028579812709006 0.0016144871199920369
-0.9830326459390226 -0.8326022663079973 -0.49028579812709006 0.0016144871199920369
-0.9830326459390226 0.30592071037410995 -0.8326022663079973 0.0016144871199920369
0.30592071037410995 -0.9830326459390226 -0.8326022663079973 0.0016144871199920369
-0.49028579812709006 0.30592071037410995 -0.8326022663079973 0.0016144871199920369
-0.49028579812709006 -0.9830326459390226 -0.8326022663079973 0.0016144871199920369
0.30592071037410995 -0.49028579812709006 -0.8326022663079973 0.0016144871199920369
-0.9830326459390226 -0.49028579812709006 -0.8326022663079973 0.0016144871199920369
0.016245181314323398 -0.7613743927575933 -0.3551335486284317 0.00487104402303742
0.016245181314323398 -0.3551335486284317 -0.7613743927575933 0.00487104402303742
-0.7613743927575933 0.016245181314323398 -0.3551335486284317 0.00487104402303742
-0.3551335486284317 0.016245181314323398 -0.7613743927575933 0.00487104402303742
-0.7613743927575933 -0.3551335486284317 0.016245181314323398 0.00487104402303742
-0.3551335486284317 -0.7613743927575933 0.016245181314323398 0.00487104402303742
-0.8997372399282983 -0.7613743927575933 -0.3551335486284317 0.00487104402303742
-0.8997372399282983 -0.3551335486284317 -0.7613743927575933 0.00487104402303742
-0.8997372399282983 0.016245181314323398 -0.3551335486284317 0.00487104402303742
-0.8997372399282983 0.016245181314323398 -0.7613743927575933 0.00487104402303742
-0.8997372399282983 -0.3551335486284317 0.016245181314323398 0.00487104402303742
-0.8997372399282983 -0.7613743927575933 0.016245181314323398 0.00487104402303742
-0.7613743927575933 -0.8997372399282983 -0.3551335486284317 0.00487104402303742
-0.3551335486284317 -0.8997372399282983 -0.7613743927575933 0.00487104402303742
0.016245181314323398 -0.8997372399282983 -0.3551335486284317 0.00487104402303742
0.016245181314323398 -0.8997372399282983 -0.7613743927575933 0.00487104402303742
-0.3551335486284317 -0.8997372399282983 0.016245181314323398 0.00487104402303742
-0.7613743927575933 -0.8997372399282983 0.016245181314323398 0.00487104402303742
-0.7613743927575933 -0.3551335486284317 -0.8997372399282983 0.00487104402303742
-0.3551335486284317 -0.7613743927575933 -0.8997372399282983 0.00487104402303742
0.016245181314323398 -0.3551335486284317 -0.8997372399282983 0.00487104402303742
0.016245181314323398 -0.7613743927575933 -0.8997372399282983 0.00487104402303742
-0.3551335486284317 0.016245181314323398 -0.8997372399282983 0.00487104402303742
-0.7613743927575933 0.016245181314323398 -0.8997372399282983 0.00487104402303742
-0.9781000778724196 -0.16032615971651476 -0.4925795337783484 0.0023263883183501535
-0.9781000778724196 -0.4925795337783484 -0.16032615971651476 0.0023263883183501535
-0.16032615971651476 -0.9781000778724196 -0.4925795337783484 0.0023263883183501535
-0.4925795337783484 -0.9781000778724196 -0.16032615971651476 0.0023263883183501535
-0.16032615971651476 -0.4925795337783484 -0.9781000778724196 0.0023263883183501535
-0.4925795337783484 -0.16032615971651476 -0.9781000778724196 0.0023263883183501535
-0.36899422863271725 -0.16032615971651476 -0.4925795337783484 0.0023263883183501535
-0.36899422863271725 -0.4925795337783484 -0.16032615971651476 0.0023263883183501535
-0.36899422863271725 -0.9781000778724196 -0.4925795337783484 0.0023263883183501535
-0.36899422863271725 -0.9781000778724196 -0.16032615971651476 0.0023263883183501535
-0.36899422863271725 -0.4925795337783484 -0.9781000778724196 0.0023263883183501535
-0.36899422863271725 -0.16032615971651476 -0.9781000778724196 0.0023263883183501535
-0.16032615971651476 -0.36899422863271725 -0.4925795337783484 0.0023263883183501535
-0.4925795337783484 -0.36899422863271725 -0.16032615971651476 0.0023263883183501535
-0.9781000778724196 -0.36899422863271725 -0.4925795337783484 0.0023263883183501535
-0.9781000778724196 -0.36899422863271725 -0.16032615971651476 0.0023263883183501535
-0.4925795337783484 -0.36899422863271725 -0.9781000778724196 0.0023263883183501535
-0.16032615971651476 -0.36899422863271725 -0.9781000778724196 0.0023263883183501535
-0.16032615971651476 -0.4925795337783484 -0.36899422863271725 0.0023263883183501535
-0.4925795337783484 -0.16032615971651476 -0.36899422863271725 0.0023263883183501535
-0.9781000778724196 -0.4925795337783484 -0.36899422863271725 0.0023263883183501535
-0.9781000778724196 -0.16032615971651476 -0.36899422863271725 0.0023263883183501535
-0.4925795337783484 -0.9781000778724196 -0.36899422863271725 0.0023263883183501535
-0.16032615971651476 -0.9781000778724196 -0.36899422863271725 0.0023263883183501535
