-0.37822816147339877 -0.37822816147339877 -0.37822816147339877 0.15025056762402114
-0.8653155155798037 -0.37822816147339877 -0.37822816147339877 0.15025056762402114
-0.37822816147339877 -0.8653155155798037 -0.37822816147339877 0.15025056762402114
-0.37822816147339877 -0.37822816147339877 -0.8653155155798037 0.15025056762402114
-0.8145294993782175 -0.8145294993782175 -0.8145294993782175 0.09799072415514927
0.44358849813465273 -0.8145294993782175 -0.8145294993782175 0.09799072415514927
-0.8145294993782175 0.44358849813465273 -0.8145294993782175 0.09799072415514927
-0.8145294993782175 -0.8145294993782175 0.44358849813465273 0.09799072415514927
-0.9089925917487007 -0.09100740825129927 -0.09100740825129927 0.05672802770277529
-0.09100740825129927 -0.9089925917487007 -0.09100740825129927 0.05672802770277529
-0.9089925917487007 -0.9089925917487007 -0.09100740825129927 0.05672802770277529
-0.09100740825129927 -0.09100740825129927 -0.9089925917487007 0.05672802770277529
-0.9089925917487007 -0.09100740825129927 -0.9089925917487007 0.05672802770277529
-0.09100740825129927 -0.9089925917487007 -0.9089925917487007 0.05672802770277529
