-0.5728640110933965 -0.5728640110933965 -0.5728640110933965 0.023486554046710087
-0.28140796671981083 -0.5728640110933965 -0.5728640110933965 0.023486554046710087
-0.5728640110933965 -0.28140796671981083 -0.5728640110933965 0.023486554046710087
-0.5728640110933965 -0.5728640110933965 -0.28140796671981083 0.023486554046710087
-0.8383906009770532 -0.8383906009770532 -0.8383906009770532 0.011134981244576994
0.5151718029311594 -0.8383906009770532 -0.8383906009770532 0.011134981244576994
-0.8383906009770532 0.5151718029311594 -0.8383906009770532 0.011134981244576994
-0.8383906009770532 -0.8383906009770532 0.5151718029311594 0.011134981244576994
-0.7078210629449029 -0.7078210629449029 -0.7078210629449029 0.023700958942259192
0.12346318883470886 -0.7078210629449029 -0.7078210629449029 0.023700958942259192
-0.7078210629449029 0.12346318883470886 -0.7078210629449029 0.023700958942259192
-0.7078210629449029 -0.7078210629449029 0.12346318883470886 0.023700958942259192
-0.8718692459244022 -0.12813075407559782 -0.12813075407559782 0.013557365863429526
-0.12813075407559782 -0.8718692459244022 -0.12813075407559782 0.013557365863429526
-0.8718692459244022 -0.8718692459244022 -0.12813075407559782 0.013557365863429526
-0.12813075407559782 -0.12813075407559782 -0.8718692459244022 0.013557365863429526
-0.8718692459244022 -0.12813075407559782 -0.8718692459244022 0.013557365863429526
-0.12813075407559782 -0.8718692459244022 -0.8718692459244022 0.013557365863429526
-0.7447633901507966 -0.2552366098492034 -0.2552366098492034 0.020987200031938446
-0.2552366098492034 -0.7447633901507966 -0.2552366098492034 0.020987200031938446
-0.7447633901507966 -0.7447633901507966 -0.2552366098492034 0.020987200031938446
-0.2552366098492034 -0.2552366098492034 -0.7447633901507966 0.020987200031938446
-0.7447633901507966 -0.2552366098492034 -0.7447633901507966 0.020987200031938446
-0.2552366098492034 -0.7447633901507966 -0.7447633901507966 0.020987200031938446
0.38807035454429073 -0.9703705478651027 -0.9703705478651027 0.0020150415278190497
-0.9703705478651027 0.38807035454429073 -0.9703705478651027 0.0020150415278190497
-0.9703705478651027 -0.9703705478651027 0.38807035454429073 0.0020150415278190497
-0.44732925881408536 -0.9703705478651027 -0.9703705478651027 0.0020150415278190497
-0.44732925881408536 0.38807035454429073 -0.9703705478651027 0.0020150415278190497
-0.44732925881408536 -0.9703705478651027 0.38807035454429073 0.0020150415278190497
-0.9703705478651027 -0.44732925881408536 -0.9703705478651027 0.0020150415278190497
0.38807035454429073 -0.44732925881408536 -0.9703705478651027 0.0020150415278190497
-0.9703705478651027 -0.44732925881408536 0.38807035454429073 0.0020150415278190497
-0.9703705478651027 -0.9703705478651027 -0.44732925881408536 0.0020150415278190497
0.38807035454429073 -0.9703705478651027 -0.44732925881408536 0.0020150415278190497
-0.9703705478651027 0.38807035454429073 -0.44732925881408536 0.0020150415278190497
-0.9988424112248551 -0.9118641606487404 -0.9118641606487404 0.0011635426516647476
-0.9118641606487404 -0.9988424112248551 -0.9118641606487404 0.0011635426516647476
-0.9118641606487404 -0.9118641606487404 -0.9988424112248551 0.0011635426516647476
0.8225707325223359 -0.9118641606487404 -0.9118641606487404 0.0011635426516647476
0.8225707325223359 -0.9988424112248551 -0.9118641606487404 0.0011635426516647476
0.8225707325223359 -0.9118641606487404 -0.9988424112248551 0.0011635426516647476
-0.9118641606487404 0.8225707325223359 -0.9118641606487404 0.0011635426516647476
-0.9988424112248551 0.8225707325223359 -0.9118641606487404 0.0011635426516647476
-0.9118641606487404 0.8225707325223359 -0.9988424112248551 0.0011635426516647476
-0.9118641606487404 -0.9118641606487404 0.8225707325223359 0.0011635426516647476
-0.9988424112248551 -0.9118641606487404 0.8225707325223359 0.0011635426516647476
-0.9118641606487404 -0.9988424112248551 0.8225707325223359 0.0011635426516647476
0.5855676729459312 -0.9419903708896836 -0.9419903708896836 0.004950510215276704
-0.9419903708896836 0.5855676729459312 -0.9419903708896836 0.004950510215276704
-0.9419903708896836 -0.9419903708896836 0.5855676729459312 0.004950510215276704
-0.7015869311665639 -0.9419903708896836 -0.9419903708896836 0.004950510215276704
-0.7015869311665639 0.5855676729459312 -0.9419903708896836 0.004950510215276704
-0.7015869311665639 -0.9419903708896836 0.5855676729459312 0.004950510215276704
-0.9419903708896836 -0.7015869311665639 -0.9419903708896836 0.004950510215276704
0.5855676729459312 -0.7015869311665639 -0.9419903708896836 0.004950510215276704
-0.9419903708896836 -0.7015869311665639 0.5855676729459312 0.004950510215276704
-0.9419903708896836 -0.9419903708896836 -0.7015869311665639 0.004950510215276704
0.5855676729459312 -0.9419903708896836 -0.7015869311665639 0.004950510215276704
-0.9419903708896836 0.5855676729459312 -0.7015869311665639 0.004950510215276704
0.44346367083715155 -0.7231748423969928 -0.7231748423969928 0.003144419007636501
-0.7231748423969928 0.44346367083715155 -0.7231748423969928 0.003144419007636501
-0.7231748423969928 -0.7231748423969928 0.44346367083715155 0.003144419007636501
-0.9971139860431659 -0.7231748423969928 -0.7231748423969928 0.003144419007636501
-0.9971139860431659 0.44346367083715155 -0.7231748423969928 0.003144419007636501
-0.9971139860431659 -0.7231748423969928 0.44346367083715155 0.003144419007636501
-0.7231748423969928 -0.9971139860431659 -0.7231748423969928 0.003144419007636501
0.44346367083715155 -0.9971139860431659 -0.7231748423969928 0.003144419007636501
-0.7231748423969928 -0.9971139860431659 0.44346367083715155 0.003144419007636501
-0.7231748423969928 -0.7231748423969928 -0.9971139860431659 0.003144419007636501
0.44346367083715155 -0.7231748423969928 -0.9971139860431659 0.003144419007636501
-0.7231748423969928 0.44346367083715155 -0.9971139860431659 0.003144419007636501
-0.5994629686676466 -0.9768963294579972 -0.3155519050125527 0.0059877960483622665
-0.5994629686676466 -0.3155519050125527 -0.9768963294579972 0.0059877960483622665
-0.9768963294579972 -0.5994629686676466 -0.3155519050125527 0.0059877960483622665
-0.3155519050125527 -0.5994629686676466 -0.9768963294579972 0.0059877960483622665
-0.9768963294579972 -0.3155519050125527 -0.5994629686676466 0.0059877960483622665
-0.3155519050125527 -0.9768963294579972 -0.5994629686676466 0.0059877960483622665
-0.10808879686180362 -0.9768963294579972 -0.3155519050125527 0.0059877960483622665
-0.10808879686180362 -0.3155519050125527 -0.9768963294579972 0.0059877960483622665
-0.10808879686180362 -0.5994629686676466 -0.3155519050125527 0.0059877960483622665
-0.10808879686180362 -0.5994629686676466 -0.9768963294579972 0.0059877960483622665
-0.10808879686180362 -0.3155519050125527 -0.5994629686676466 0.0059877960483622665
-0.10808879686180362 -0.9768963294579972 -0.5994629686676466 0.0059877960483622665
-0.9768963294579972 -0.10808879686180362 -0.3155519050125527 0.0059877960483622665
-0.3155519050125527 -0.10808879686180362 -0.9768963294579972 0.0059877960483622665
-0.5994629686676466 -0.10808879686180362 -0.3155519050125527 0.0059877960483622665
-0.5994629686676466 -0.10808879686180362 -0.9768963294579972 0.0059877960483622665
-0.3155519050125527 -0.10808879686180362 -0.5994629686676466 0.0059877960483622665
-0.9768963294579972 -0.10808879686180362 -0.5994629686676466 0.0059877960483622665
-0.9768963294579972 -0.3155519050125527 -0.10808879686180362 0.0059877960483622665
-0.3155519050125527 -0.9768963294579972 -0.10808879686180362 0.0059877960483622665
-0.5994629686676466 -0.3155519050125527 -0.10808879686180362 0.0059877960483622665
-0.5994629686676466 -0.9768963294579972 -0.10808879686180362 0.0059877960483622665
-0.3155519050125527 -0.5994629686676466 -0.10808879686180362 0.0059877960483622665
-0.9768963294579972 -0.5994629686676466 -0.10808879686180362 0.0059877960483622665
-0.49081590994969193 -0.8540827360983475 -0.5009679272808678 0.010066154731866025
-0.49081590994969193 -0.5009679272808678 -0.8540827360983475 0.010066154731866025
-0.8540827360983475 -0.49081590994969193 -0.5009679272808678 0.010066154731866025
-0.5009679272808678 -0.49081590994969193 -0.8540827360983475 0.010066154731866025
-0.8540827360983475 -0.5009679272808678 -0.49081590994969193 0.010066154731866025
-0.5009679272808678 -0.8540827360983475 -0.49081590994969193 0.010066154731866025
-0.15413342667109275 -0.8540827360983475 -0.5009679272808678 0.010066154731866025
-0.15413342667109275 -0.5009679272808678 -0.8540827360983475 0.010066154731866025
-0.15413342667109275 -0.49081590994969193 -0.5009679272808678 0.010066154731866025
-0.15413342667109275 -0.49081590994969193 -0.8540827360983475 0.010066154731866025
-0.15413342667109275 -0.5009679272808678 -0.49081590994969193 0.010066154731866025
-0.15413342667109275 -0.8540827360983475 -0.49081590994969193 0.010066154731866025
-0.8540827360983475 -0.15413342667109275 -0.5009679272808678 0.010066154731866025
-0.5009679272808678 -0.15413342667109275 -0.8540827360983475 0.010066154731866025
-0.49081590994969193 -0.15413342667109275 -0.5009679272808678 0.010066154731866025
-0.49081590994969193 -0.15413342667109275 -0.8540827360983475 0.010066154731866025
-0.5009679272808678 -0.15413342667109275 -0.49081590994969193 0.010066154731866025
-0.8540827360983475 -0.15413342667109275 -0.49081590994969193 0.010066154731866025
-0.8540827360983475 -0.5009679272808678 -0.15413342667109275 0.010066154731866025
-0.5009679272808678 -0.8540827360983475 -0.15413342667109275 0.010066154731866025
-0.49081590994969193 -0.5009679272808678 -0.15413342667109275 0.010066154731866025
-0.49081590994969193 -0.8540827360983475 -0.15413342667109275 0.010066154731866025
-0.5009679272808678 -0.49081590994969193 -0.15413342667109275 0.010066154731866025
-0.8540827360983475 -0.49081590994969193 -0.15413342667109275 0.010066154731866025
-0.21253226800318936 -0.8999637847696258 -0.9952034905989209 0.0024673527854235894
-0.21253226800318936 -0.9952034905989209 -0.8999637847696258 0.0024673527854235894
-0.8999637847696258 -0.21253226800318936 -0.9952034905989209 0.0024673527854235894
-0.9952034905989209 -0.21253226800318936 -0.8999637847696258 0.0024673527854235894
-0.8999637847696258 -0.9952034905989209 -0.21253226800318936 0.0024673527854235894
-0.9952034905989209 -0.8999637847696258 -0.21253226800318936 0.0024673527854235894
0.10769954337173604 -0.8999637847696258 -0.9952034905989209 0.0024673527854235894
0.10769954337173604 -0.9952034905989209 -0.8999637847696258 0.0024673527854235894
0.10769954337173604 -0.21253226800318936 -0.9952034905989209 0.0024673527854235894
0.10769954337173604 -0.21253226800318936 -0.8999637847696258 0.0024673527854235894
0.10769954337173604 -0.9952034905989209 -0.21253226800318936 0.0024673527854235894
0.10769954337173604 -0.8999637847696258 -0.21253226800318936 0.0024673527854235894
-0.8999637847696258 0.10769954337173604 -0.9952034905989209 0.0024673527854235894
-0.9952034905989209 0.10769954337173604 -0.8999637847696258 0.0024673527854235894
-0.21253226800318936 0.10769954337173604 -0.9952034905989209 0.0024673527854235894
-0.21253226800318936 0.10769954337173604 -0.8999637847696258 0.0024673527854235894
-0.9952034905989209 0.10769954337173604 -0.21253226800318936 0.0024673527854235894
-0.8999637847696258 0.10769954337173604 -0.21253226800318936 0.0024673527854235894
-0.8999637847696258 -0.9952034905989209 0.10769954337173604 0.0024673527854235894
-0.9952034905989209 -0.8999637847696258 0.10769954337173604 0.0024673527854235894
-0.21253226800318936 -0.9952034905989209 0.10769954337173604 0.0024673527854235894
-0.21253226800318936 -0.8999637847696258 0.10769954337173604 0.0024673527854235894
-0.9952034905989209 -0.21253226800318936 0.10769954337173604 0.0024673527854235894
-0.8999637847696258 -0.21253226800318936 0.10769954337173604 0.0024673527854235894
-0.9278252866668427 -0.4963264351457768 -0.7729455362961846 0.013040938109272133
-0.9278252866668427 -0.7729455362961846 -0.4963264351457768 0.013040938109272133
-0.4963264351457768 -0.9278252866668427 -0.7729455362961846 0.013040938109272133
-0.7729455362961846 -0.9278252866668427 -0.4963264351457768 0.013040938109272133
-0.4963264351457768 -0.7729455362961846 -0.9278252866668427 0.013040938109272133
-0.7729455362961846 -0.4963264351457768 -0.9278252866668427 0.013040938109272133
0.19709725810880419 -0.4963264351457768 -0.7729455362961846 0.013040938109272133
0.19709725810880419 -0.7729455362961846 -0.4963264351457768 0.013040938109272133
0.19709725810880419 -0.9278252866668427 -0.7729455362961846 0.013040938109272133
0.19709725810880419 -0.9278252866668427 -0.4963264351457768 0.013040938109272133
0.19709725810880419 -0.7729455362961846 -0.9278252866668427 0.013040938109272133
0.19709725810880419 -0.4963264351457768 -0.9278252866668427 0.013040938109272133
-0.4963264351457768 0.19709725810880419 -0.7729455362961846 0.013040938109272133
-0.7729455362961846 0.19709725810880419 -0.4963264351457768 0.013040938109272133
-0.9278252866668427 0.19709725810880419 -0.7729455362961846 0.013040938109272133
-0.9278252866668427 0.19709725810880419 -0.4963264351457768 0.013040938109272133
-0.7729455362961846 0.19709725810880419 -0.9278252866668427 0.013040938109272133
-0.4963264351457768 0.19709725810880419 -0.9278252866668427 0.013040938109272133
-0.4963264351457768 -0.7729455362961846 0.19709725810880419 0.013040938109272133
-0.7729455362961846 -0.4963264351457768 0.19709725810880419 0.013040938109272133
-0.9278252866668427 -0.7729455362961846 0.19709725810880419 0.013040938109272133
-0.9278252866668427 -0.4963264351457768 0.19709725810880419 0.013040938109272133
-0.7729455362961846 -0.9278252866668427 0.19709725810880419 0.013040938109272133
-0.4963264351457768 -0.9278252866668427 0.19709725810880419 0.013040938109272133
