-0.5 -0.5 -0.5 0.0758221656714023
-0.6641867895265144 -0.6641867895265144 -0.6641867895265144 0.034259035586030905
-0.007439631420456783 -0.6641867895265144 -0.6641867895265144 0.034259035586030905
-0.6641867895265144 -0.007439631420456783 -0.6641867895265144 0.034259035586030905
-0.6641867895265144 -0.6641867895265144 -0.007439631420456783 0.034259035586030905
-0.8171274589718475 -0.8171274589718475 -0.8171274589718475 0.00306523113737116
0.4513823769155425 -0.8171274589718475 -0.8171274589718475 0.00306523113737116
-0.8171274589718475 0.4513823769155425 -0.8171274589718475 0.00306523113737116
-0.8171274589718475 -0.8171274589718475 0.4513823769155425 0.00306523113737116
-0.35628867036469347 -0.35628867036469347 -0.35628867036469347 0.04060805155678801
-0.9311339889059196 -0.35628867036469347 -0.35628867036469347 0.04060805155678801
-0.35628867036469347 -0.9311339889059196 -0.35628867036469347 0.04060805155678801
-0.35628867036469347 -0.35628867036469347 -0.9311339889059196 0.04060805155678801
-0.9163246081992688 -0.9163246081992688 -0.9163246081992688 0.009498296453651842
0.7489738245978064 -0.9163246081992688 -0.9163246081992688 0.009498296453651842
-0.9163246081992688 0.7489738245978064 -0.9163246081992688 0.009498296453651842
-0.9163246081992688 -0.9163246081992688 0.7489738245978064 0.009498296453651842
-0.2134588771496927 -0.7865411228503073 -0.7865411228503073 0.049124873974591844
-0.7865411228503073 -0.2134588771496927 -0.7865411228503073 0.049124873974591844
-0.2134588771496927 -0.2134588771496927 -0.7865411228503073 0.049124873974591844
-0.7865411228503073 -0.7865411228503073 -0.2134588771496927 0.049124873974591844
-0.2134588771496927 -0.7865411228503073 -0.2134588771496927 0.049124873974591844
-0.7865411228503073 -0.2134588771496927 -0.2134588771496927 0.049124873974591844
0.43678618796284874 -0.9320856636338222 -0.9320856636338222 0.013762742376279795
-0.9320856636338222 0.43678618796284874 -0.9320856636338222 0.013762742376279795
-0.9320856636338222 -0.9320856636338222 0.43678618796284874 0.013762742376279795
-0.5726148606952044 -0.9320856636338222 -0.9320856636338222 0.013762742376279795
-0.5726148606952044 0.43678618796284874 -0.9320856636338222 0.013762742376279795
-0.5726148606952044 -0.9320856636338222 0.43678618796284874 0.013762742376279795
-0.9320856636338222 -0.5726148606952044 -0.9320856636338222 0.013762742376279795
0.43678618796284874 -0.5726148606952044 -0.9320856636338222 0.013762742376279795
-0.9320856636338222 -0.5726148606952044 0.43678618796284874 0.013762742376279795
-0.9320856636338222 -0.9320856636338222 -0.5726148606952044 0.013762742376279795
0.43678618796284874 -0.9320856636338222 -0.5726148606952044 0.013762742376279795
-0.9320856636338222 0.43678618796284874 -0.5726148606952044 0.013762742376279795
-0.8426327310466242 -0.07868363789044475 -0.07868363789044475 0.01017984953864114
-0.07868363789044475 -0.8426327310466242 -0.07868363789044475 0.01017984953864114
-0.07868363789044475 -0.07868363789044475 -0.8426327310466242 0.01017984953864114
-0.9999999931724864 -0.07868363789044475 -0.07868363789044475 0.01017984953864114
-0.9999999931724864 -0.8426327310466242 -0.07868363789044475 0.01017984953864114
-0.9999999931724864 -0.07868363789044475 -0.8426327310466242 0.01017984953864114
-0.07868363789044475 -0.9999999931724864 -0.07868363789044475 0.01017984953864114
-0.8426327310466242 -0.9999999931724864 -0.07868363789044475 0.01017984953864114
-0.07868363789044475 -0.9999999931724864 -0.8426327310466242 0.01017984953864114
-0.07868363789044475 -0.07868363789044475 -0.9999999931724864 0.01017984953864114
-0.8426327310466242 -0.07868363789044475 -0.9999999931724864 0.01017984953864114
-0.07868363789044475 -0.8426327310466242 -0.9999999931724864 0.01017984953864114
0.1944214455236999 -0.6312241129999696 -0.6312241129999696 0.027144030158330095
-0.6312241129999696 0.1944214455236999 -0.6312241129999696 0.027144030158330095
-0.6312241129999696 -0.6312241129999696 0.1944214455236999 0.027144030158330095
-0.9319732195237607 -0.6312241129999696 -0.6312241129999696 0.027144030158330095
-0.9319732195237607 0.1944214455236999 -0.6312241129999696 0.027144030158330095
-0.9319732195237607 -0.6312241129999696 0.1944214455236999 0.027144030158330095
-0.6312241129999696 -0.9319732195237607 -0.6312241129999696 0.027144030158330095
0.1944214455236999 -0.9319732195237607 -0.6312241129999696 0.027144030158330095
-0.6312241129999696 -0.9319732195237607 0.1944214455236999 0.027144030158330095
-0.6312241129999696 -0.6312241129999696 -0.9319732195237607 0.027144030158330095
0.1944214455236999 -0.6312241129999696 -0.9319732195237607 0.027144030158330095
-0.6312241129999696 0.1944214455236999 -0.9319732195237607 0.027144030158330095
