-0.5872556362637581 -0.5872556362637581 -0.5872556362637581 0.0020071845423341272
-0.2382330912087257 -0.5872556362637581 -0.5872556362637581 0.0020071845423341272
-0.5872556362637581 -0.2382330912087257 -0.5872556362637581 0.0020071845423341272
-0.5872556362637581 -0.5872556362637581 -0.2382330912087257 0.0020071845423341272
-0.6749224109647187 -0.6749224109647187 -0.6749224109647187 0.009601922042037915
0.024767232894156166 -0.6749224109647187 -0.6749224109647187 0.009601922042037915
-0.6749224109647187 0.024767232894156166 -0.6749224109647187 0.009601922042037915
-0.6749224109647187 -0.6749224109647187 0.024767232894156166 0.009601922042037915
-0.37674665434887145 -0.37674665434887145 -0.37674665434887145 0.007735734978259753
-0.8697600369533858 -0.37674665434887145 -0.37674665434887145 0.007735734978259753
-0.37674665434887145 -0.8697600369533858 -0.37674665434887145 0.007735734978259753
-0.37674665434887145 -0.37674665434887145 -0.8697600369533858 0.007735734978259753
-0.3385441678219374 -0.3385441678219374 -0.3385441678219374 0.003286784523799721
-0.9843674965341878 -0.3385441678219374 -0.3385441678219374 0.003286784523799721
-0.3385441678219374 -0.9843674965341878 -0.3385441678219374 0.003286784523799721
-0.3385441678219374 -0.3385441678219374 -0.9843674965341878 0.003286784523799721
-0.9325118359740099 -0.9325118359740099 -0.9325118359740099 0.0010980361412146694
0.7975355079220297 -0.9325118359740099 -0.9325118359740099 0.0010980361412146694
-0.9325118359740099 0.7975355079220297 -0.9325118359740099 0.0010980361412146694
-0.9325118359740099 -0.9325118359740099 0.7975355079220297 0.0010980361412146694
-0.8686372344314809 -0.8686372344314809 -0.8686372344314809 0.003194871194433279
0.6059117032944428 -0.8686372344314809 -0.8686372344314809 0.003194871194433279
-0.8686372344314809 0.6059117032944428 -0.8686372344314809 0.003194871194433279
-0.8686372344314809 -0.8686372344314809 0.6059117032944428 0.003194871194433279
-0.9766185515948058 -0.9766185515948058 -0.9766185515948058 0.00022160353840832705
0.9298556547844175 -0.9766185515948058 -0.9766185515948058 0.00022160353840832705
-0.9766185515948058 0.9298556547844175 -0.9766185515948058 0.00022160353840832705
-0.9766185515948058 -0.9766185515948058 0.9298556547844175 0.00022160353840832705
-0.6103458282429588 -0.3896541717570412 -0.3896541717570412 6.330168809178556e-05
-0.3896541717570412 -0.6103458282429588 -0.3896541717570412 6.330168809178556e-05
-0.6103458282429588 -0.6103458282429588 -0.3896541717570412 6.330168809178556e-05
-0.3896541717570412 -0.3896541717570412 -0.6103458282429588 6.330168809178556e-05
-0.6103458282429588 -0.3896541717570412 -0.6103458282429588 6.330168809178556e-05
-0.3896541717570412 -0.6103458282429588 -0.6103458282429588 6.330168809178556e-05
-0.49963433068307994 -0.5003656693169201 -0.5003656693169201 0.000753994720556774
-0.5003656693169201 -0.49963433068307994 -0.5003656693169201 0.000753994720556774
-0.49963433068307994 -0.49963433068307994 -0.5003656693169201 0.000753994720556774
-0.5003656693169201 -0.5003656693169201 -0.49963433068307994 0.000753994720556774
-0.49963433068307994 -0.5003656693169201 -0.49963433068307994 0.000753994720556774
-0.5003656693169201 -0.49963433068307994 -0.49963433068307994 0.000753994720556774
-0.026733045832112445 -0.9732669541678876 -0.9732669541678876 0.0015021931301167975
-0.9732669541678876 -0.026733045832112445 -0.9732669541678876 0.0015021931301167975
-0.026733045832112445 -0.026733045832112445 -0.9732669541678876 0.0015021931301167975
-0.9732669541678876 -0.9732669541678876 -0.026733045832112445 0.0015021931301167975
-0.026733045832112445 -0.9732669541678876 -0.026733045832112445 0.0015021931301167975
-0.9732669541678876 -0.026733045832112445 -0.026733045832112445 0.0015021931301167975
-0.5006846871517711 -0.49931531284822894 -0.49931531284822894 0.0017976615358402677
-0.49931531284822894 -0.5006846871517711 -0.49931531284822894 0.0017976615358402677
-0.5006846871517711 -0.5006846871517711 -0.49931531284822894 0.0017976615358402677
-0.49931531284822894 -0.49931531284822894 -0.5006846871517711 0.0017976615358402677
-0.5006846871517711 -0.49931531284822894 -0.5006846871517711 0.0017976615358402677
-0.49931531284822894 -0.5006846871517711 -0.5006846871517711 0.0017976615358402677
-0.6649035445085678 -0.3350964554914321 -0.3350964554914321 0.0004876092128903577
-0.3350964554914321 -0.6649035445085678 -0.3350964554914321 0.0004876092128903577
-0.6649035445085678 -0.6649035445085678 -0.3350964554914321 0.0004876092128903577
-0.3350964554914321 -0.3350964554914321 -0.6649035445085678 0.0004876092128903577
-0.6649035445085678 -0.3350964554914321 -0.6649035445085678 0.0004876092128903577
-0.3350964554914321 -0.6649035445085678 -0.6649035445085678 0.0004876092128903577
-0.6657871949410932 -0.3342128050589068 -0.3342128050589068 0.007804229323420152
-0.3342128050589068 -0.6657871949410932 -0.3342128050589068 0.007804229323420152
-0.6657871949410932 -0.6657871949410932 -0.3342128050589068 0.007804229323420152
-0.3342128050589068 -0.3342128050589068 -0.6657871949410932 0.007804229323420152
-0.6657871949410932 -0.3342128050589068 -0.6657871949410932 0.007804229323420152
-0.3342128050589068 -0.6657871949410932 -0.6657871949410932 0.007804229323420152
-0.2107779965882587 -0.7892220034117414 -0.7892220034117414 0.0026089213797619074
-0.7892220034117414 -0.2107779965882587 -0.7892220034117414 0.0026089213797619074
-0.2107779965882587 -0.2107779965882587 -0.7892220034117414 0.0026089213797619074
-0.7892220034117414 -0.7892220034117414 -0.2107779965882587 0.0026089213797619074
-0.2107779965882587 -0.7892220034117414 -0.2107779965882587 0.0026089213797619074
-0.7892220034117414 -0.2107779965882587 -0.2107779965882587 0.0026089213797619074
-0.08635443882732985 -0.9136455611726702 -0.9136455611726702 0.002230992336238719
-0.9136455611726702 -0.08635443882732985 -0.9136455611726702 0.002230992336238719
-0.08635443882732985 -0.08635443882732985 -0.9136455611726702 0.002230992336238719
-0.9136455611726702 -0.9136455611726702 -0.08635443882732985 0.002230992336238719
-0.08635443882732985 -0.9136455611726702 -0.08635443882732985 0.002230992336238719
-0.9136455611726702 -0.08635443882732985 -0.08635443882732985 0.002230992336238719
-0.7294491957393598 -0.9337938647699114 -0.9337938647699114 0.0022458799641675124
-0.9337938647699114 -0.7294491957393598 -0.9337938647699114 0.0022458799641675124
-0.9337938647699114 -0.9337938647699114 -0.7294491957393598 0.0022458799641675124
0.5970369252791827 -0.9337938647699114 -0.9337938647699114 0.0022458799641675124
0.5970369252791827 -0.7294491957393598 -0.9337938647699114 0.0022458799641675124
0.5970369252791827 -0.9337938647699114 -0.7294491957393598 0.0022458799641675124
-0.9337938647699114 0.5970369252791827 -0.9337938647699114 0.0022458799641675124
-0.7294491957393598 0.5970369252791827 -0.9337938647699114 0.0022458799641675124
-0.9337938647699114 0.5970369252791827 -0.7294491957393598 0.0022458799641675124
-0.9337938647699114 -0.9337938647699114 0.5970369252791827 0.0022458799641675124
-0.7294491957393598 -0.9337938647699114 0.5970369252791827 0.0022458799641675124
-0.9337938647699114 -0.7294491957393598 0.5970369252791827 0.0022458799641675124
-0.9976562419059055 -0.6107628431064651 -0.6107628431064651 0.00126529773746282
-0.6107628431064651 -0.9976562419059055 -0.6107628431064651 0.00126529773746282
-0.6107628431064651 -0.6107628431064651 -0.9976562419059055 0.00126529773746282
0.21918192811883563 -0.6107628431064651 -0.6107628431064651 0.00126529773746282
0.21918192811883563 -0.9976562419059055 -0.6107628431064651 0.00126529773746282
0.21918192811883563 -0.6107628431064651 -0.9976562419059055 0.00126529773746282
-0.6107628431064651 0.21918192811883563 -0.6107628431064651 0.00126529773746282
-0.9976562419059055 0.21918192811883563 -0.6107628431064651 0.00126529773746282
-0.6107628431064651 0.21918192811883563 -0.9976562419059055 0.00126529773746282
-0.6107628431064651 -0.6107628431064651 0.21918192811883563 0.00126529773746282
-0.9976562419059055 -0.6107628431064651 0.21918192811883563 0.00126529773746282
-0.6107628431064651 -0.9976562419059055 0.21918192811883563 0.00126529773746282
-0.34420798037009936 -0.9735749574773777 -0.9735749574773777 0.0013854441812422038
-0.9735749574773777 -0.34420798037009936 -0.9735749574773777 0.0013854441812422038
-0.9735749574773777 -0.9735749574773777 -0.34420798037009936 0.0013854441812422038
0.29135789532485457 -0.9735749574773777 -0.9735749574773777 0.0013854441812422038
0.29135789532485457 -0.34420798037009936 -0.9735749574773777 0.0013854441812422038
0.29135789532485457 -0.9735749574773777 -0.34420798037009936 0.0013854441812422038
-0.9735749574773777 0.29135789532485457 -0.9735749574773777 0.0013854441812422038
-0.34420798037009936 0.29135789532485457 -0.9735749574773777 0.0013854441812422038
-0.9735749574773777 0.29135789532485457 -0.34420798037009936 0.0013854441812422038
-0.9735749574773777 -0.9735749574773777 0.29135789532485457 0.0013854441812422038
-0.34420798037009936 -0.9735749574773777 0.29135789532485457 0.0013854441812422038
-0.9735749574773777 -0.34420798037009936 0.29135789532485457 0.0013854441812422038
-0.9594320031369566 -0.7541358556458804 -0.7541358556458804 0.003824744432320464
-0.7541358556458804 -0.9594320031369566 -0.7541358556458804 0.003824744432320464
-0.7541358556458804 -0.7541358556458804 -0.9594320031369566 0.003824744432320464
0.4677037144287173 -0.7541358556458804 -0.7541358556458804 0.003824744432320464
0.4677037144287173 -0.9594320031369566 -0.7541358556458804 0.003824744432320464
0.4677037144287173 -0.7541358556458804 -0.9594320031369566 0.003824744432320464
-0.7541358556458804 0.4677037144287173 -0.7541358556458804 0.003824744432320464
-0.9594320031369566 0.4677037144287173 -0.7541358556458804 0.003824744432320464
-0.7541358556458804 0.4677037144287173 -0.9594320031369566 0.003824744432320464
-0.7541358556458804 -0.7541358556458804 0.4677037144287173 0.003824744432320464
-0.9594320031369566 -0.7541358556458804 0.4677037144287173 0.003824744432320464
-0.7541358556458804 -0.9594320031369566 0.4677037144287173 0.003824744432320464
-0.3002077560752694 -0.8760098780966324 -0.8760098780966324 0.004896270379429509
-0.8760098780966324 -0.3002077560752694 -0.8760098780966324 0.004896270379429509
-0.8760098780966324 -0.8760098780966324 -0.3002077560752694 0.004896270379429509
0.05222751226853428 -0.8760098780966324 -0.8760098780966324 0.004896270379429509
0.05222751226853428 -0.3002077560752694 -0.8760098780966324 0.004896270379429509
0.05222751226853428 -0.8760098780966324 -0.3002077560752694 0.004896270379429509
-0.8760098780966324 0.05222751226853428 -0.8760098780966324 0.004896270379429509
-0.3002077560752694 0.05222751226853428 -0.8760098780966324 0.004896270379429509
-0.8760098780966324 0.05222751226853428 -0.3002077560752694 0.004896270379429509
-0.8760098780966324 -0.8760098780966324 0.05222751226853428 0.004896270379429509
-0.3002077560752694 -0.8760098780966324 0.05222751226853428 0.004896270379429509
-0.8760098780966324 -0.3002077560752694 0.05222751226853428 0.004896270379429509
-0.6666338406094152 -0.831856249060166 -0.831856249060166 0.006329540728795151
-0.831856249060166 -0.6666338406094152 -0.831856249060166 0.006329540728795151
-0.831856249060166 -0.831856249060166 -0.6666338406094152 0.006329540728795151
0.3303463387297474 -0.831856249060166 -0.831856249060166 0.006329540728795151
0.3303463387297474 -0.6666338406094152 -0.831856249060166 0.006329540728795151
0.3303463387297474 -0.831856249060166 -0.6666338406094152 0.006329540728795151
-0.831856249060166 0.3303463387297474 -0.831856249060166 0.006329540728795151
-0.6666338406094152 0.3303463387297474 -0.831856249060166 0.006329540728795151
-0.831856249060166 0.3303463387297474 -0.6666338406094152 0.006329540728795151
-0.831856249060166 -0.831856249060166 0.3303463387297474 0.006329540728795151
-0.6666338406094152 -0.831856249060166 0.3303463387297474 0.006329540728795151
-0.831856249060166 -0.6666338406094152 0.3303463387297474 0.006329540728795151
-0.6281640817542498 -0.9842659022510922 -0.9842659022510922 0.0005534512104283962
-0.9842659022510922 -0.6281640817542498 -0.9842659022510922 0.0005534512104283962
-0.9842659022510922 -0.9842659022510922 -0.6281640817542498 0.0005534512104283962
0.5966958862564342 -0.9842659022510922 -0.9842659022510922 0.0005534512104283962
0.5966958862564342 -0.6281640817542498 -0.9842659022510922 0.0005534512104283962
0.5966958862564342 -0.9842659022510922 -0.6281640817542498 0.0005534512104283962
-0.9842659022510922 0.5966958862564342 -0.9842659022510922 0.0005534512104283962
-0.6281640817542498 0.5966958862564342 -0.9842659022510922 0.0005534512104283962
-0.9842659022510922 0.5966958862564342 -0.6281640817542498 0.0005534512104283962
-0.9842659022510922 -0.9842659022510922 0.5966958862564342 0.0005534512104283962
-0.6281640817542498 -0.9842659022510922 0.5966958862564342 0.0005534512104283962
-0.9842659022510922 -0.6281640817542498 0.5966958862564342 0.0005534512104283962
-0.5034585176993766 -0.9156483500225753 -0.9156483500225753 0.003339986829663577
-0.9156483500225753 -0.5034585176993766 -0.9156483500225753 0.003339986829663577
-0.9156483500225753 -0.9156483500225753 -0.5034585176993766 0.003339986829663577
0.3347552177445272 -0.9156483500225753 -0.9156483500225753 0.003339986829663577
0.3347552177445272 -0.5034585176993766 -0.9156483500225753 0.003339986829663577
0.3347552177445272 -0.9156483500225753 -0.5034585176993766 0.003339986829663577
-0.9156483500225753 0.3347552177445272 -0.9156483500225753 0.003339986829663577
-0.5034585176993766 0.3347552177445272 -0.9156483500225753 0.003339986829663577
-0.9156483500225753 0.3347552177445272 -0.5034585176993766 0.003339986829663577
-0.9156483500225753 -0.9156483500225753 0.3347552177445272 0.003339986829663577
-0.5034585176993766 -0.9156483500225753 0.3347552177445272 0.003339986829663577
-0.9156483500225753 -0.5034585176993766 0.3347552177445272 0.003339986829663577
-0.8660379554646247 -0.9826330162557223 -0.9826330162557223 0.000350655950361365
-0.9826330162557223 -0.8660379554646247 -0.9826330162557223 0.000350655950361365
-0.9826330162557223 -0.9826330162557223 -0.8660379554646247 0.000350655950361365
0.8313039879760693 -0.9826330162557223 -0.9826330162557223 0.000350655950361365
0.8313039879760693 -0.8660379554646247 -0.9826330162557223 0.000350655950361365
0.8313039879760693 -0.9826330162557223 -0.8660379554646247 0.000350655950361365
-0.9826330162557223 0.8313039879760693 -0.9826330162557223 0.000350655950361365
-0.8660379554646247 0.8313039879760693 -0.9826330162557223 0.000350655950361365
-0.9826330162557223 0.8313039879760693 -0.8660379554646247 0.000350655950361365
-0.9826330162557223 -0.9826330162557223 0.8313039879760693 0.000350655950361365
-0.8660379554646247 -0.9826330162557223 0.8313039879760693 0.000350655950361365
-0.9826330162557223 -0.8660379554646247 0.8313039879760693 0.000350655950361365
-0.4163165844037675 -0.7777629264847583 -0.7777629264847583 0.006983931758194232
-0.7777629264847583 -0.4163165844037675 -0.7777629264847583 0.006983931758194232
-0.7777629264847583 -0.7777629264847583 -0.4163165844037675 0.006983931758194232
-0.02815756262671576 -0.7777629264847583 -0.7777629264847583 0.006983931758194232
-0.02815756262671576 -0.4163165844037675 -0.7777629264847583 0.006983931758194232
-0.02815756262671576 -0.7777629264847583 -0.4163165844037675 0.006983931758194232
-0.7777629264847583 -0.02815756262671576 -0.7777629264847583 0.006983931758194232
-0.4163165844037675 -0.02815756262671576 -0.7777629264847583 0.006983931758194232
-0.7777629264847583 -0.02815756262671576 -0.4163165844037675 0.006983931758194232
-0.7777629264847583 -0.7777629264847583 -0.02815756262671576 0.006983931758194232
-0.4163165844037675 -0.7777629264847583 -0.02815756262671576 0.006983931758194232
-0.7777629264847583 -0.4163165844037675 -0.02815756262671576 0.006983931758194232
-0.8724584207096319 -0.9926290723087879 0.43269092941535936 0.0012707356460670398
-0.8724584207096319 0.43269092941535936 -0.9926290723087879 0.0012707356460670398
-0.9926290723087879 -0.8724584207096319 0.43269092941535936 0.0012707356460670398
0.43269092941535936 -0.8724584207096319 -0.9926290723087879 0.0012707356460670398
-0.9926290723087879 0.43269092941535936 -0.8724584207096319 0.0012707356460670398
0.43269092941535936 -0.9926290723087879 -0.8724584207096319 0.0012707356460670398
-0.5676034363969396 -0.9926290723087879 0.43269092941535936 0.0012707356460670398
-0.5676034363969396 0.43269092941535936 -0.9926290723087879 0.0012707356460670398
-0.5676034363969396 -0.8724584207096319 0.43269092941535936 0.0012707356460670398
-0.5676034363969396 -0.8724584207096319 -0.9926290723087879 0.0012707356460670398
-0.5676034363969396 0.43269092941535936 -0.8724584207096319 0.0012707356460670398
-0.5676034363969396 -0.9926290723087879 -0.8724584207096319 0.0012707356460670398
-0.9926290723087879 -0.5676034363969396 0.43269092941535936 0.0012707356460670398
0.43269092941535936 -0.5676034363969396 -0.9926290723087879 0.0012707356460670398
-0.8724584207096319 -0.5676034363969396 0.43269092941535936 0.0012707356460670398
-0.8724584207096319 -0.5676034363969396 -0.9926290723087879 0.0012707356460670398
0.43269092941535936 -0.5676034363969396 -0.8724584207096319 0.0012707356460670398
-0.9926290723087879 -0.5676034363969396 -0.8724584207096319 0.0012707356460670398
-0.9926290723087879 0.43269092941535936 -0.5676034363969396 0.0012707356460670398
0.43269092941535936 -0.9926290723087879 -0.5676034363969396 0.0012707356460670398
-0.8724584207096319 0.43269092941535936 -0.5676034363969396 0.0012707356460670398
-0.8724584207096319 -0.9926290723087879 -0.5676034363969396 0.0012707356460670398
0.43269092941535936 -0.8724584207096319 -0.5676034363969396 0.0012707356460670398
-0.9926290723087879 -0.8724584207096319 -0.5676034363969396 0.0012707356460670398
-0.9919518037935524 -0.8170487204101387 0.7116798288450996 0.0005898772664037392
-0.9919518037935524 0.7116798288450996 -0.8170487204101387 0.0005898772664037392
-0.8170487204101387 -0.9919518037935524 0.7116798288450996 0.0005898772664037392
0.7116798288450996 -0.9919518037935524 -0.8170487204101387 0.0005898772664037392
-0.8170487204101387 0.7116798288450996 -0.9919518037935524 0.0005898772664037392
0.7116798288450996 -0.8170487204101387 -0.9919518037935524 0.0005898772664037392
-0.9026793046414087 -0.8170487204101387 0.7116798288450996 0.0005898772664037392
-0.9026793046414087 0.7116798288450996 -0.8170487204101387 0.0005898772664037392
-0.9026793046414087 -0.9919518037935524 0.7116798288450996 0.0005898772664037392
-0.9026793046414087 -0.9919518037935524 -0.8170487204101387 0.0005898772664037392
-0.9026793046414087 0.7116798288450996 -0.9919518037935524 0.0005898772664037392
-0.9026793046414087 -0.8170487204101387 -0.9919518037935524 0.0005898772664037392
-0.8170487204101387 -0.9026793046414087 0.7116798288450996 0.0005898772664037392
0.7116798288450996 -0.9026793046414087 -0.8170487204101387 0.0005898772664037392
-0.9919518037935524 -0.9026793046414087 0.7116798288450996 0.0005898772664037392
-0.9919518037935524 -0.9026793046414087 -0.8170487204101387 0.0005898772664037392
0.7116798288450996 -0.9026793046414087 -0.9919518037935524 0.0005898772664037392
-0.8170487204101387 -0.9026793046414087 -0.9919518037935524 0.0005898772664037392
-0.8170487204101387 0.7116798288450996 -0.9026793046414087 0.0005898772664037392
0.7116798288450996 -0.8170487204101387 -0.9026793046414087 0.0005898772664037392
-0.9919518037935524 0.7116798288450996 -0.9026793046414087 0.0005898772664037392
-0.9919518037935524 -0.8170487204101387 -0.9026793046414087 0.0005898772664037392
0.7116798288450996 -0.9919518037935524 -0.9026793046414087 0.0005898772664037392
-0.8170487204101387 -0.9919518037935524 -0.9026793046414087 0.0005898772664037392
-0.16624508052294795 -0.7346872519631927 -0.15535407923974653 0.0023415720112305843
-0.16624508052294795 -0.15535407923974653 -0.7346872519631927 0.0023415720112305843
-0.7346872519631927 -0.16624508052294795 -0.15535407923974653 0.0023415720112305843
-0.15535407923974653 -0.16624508052294795 -0.7346872519631927 0.0023415720112305843
-0.7346872519631927 -0.15535407923974653 -0.16624508052294795 0.0023415720112305843
-0.15535407923974653 -0.7346872519631927 -0.16624508052294795 0.0023415720112305843
-0.9437135882741128 -0.7346872519631927 -0.15535407923974653 0.0023415720112305843
-0.9437135882741128 -0.15535407923974653 -0.7346872519631927 0.0023415720112305843
-0.9437135882741128 -0.16624508052294795 -0.15535407923974653 0.0023415720112305843
-0.9437135882741128 -0.16624508052294795 -0.7346872519631927 0.0023415720112305843
-0.9437135882741128 -0.15535407923974653 -0.16624508052294795 0.0023415720112305843
-0.9437135882741128 -0.7346872519631927 -0.16624508052294795 0.0023415720112305843
-0.7346872519631927 -0.9437135882741128 -0.15535407923974653 0.0023415720112305843
-0.15535407923974653 -0.9437135882741128 -0.7346872519631927 0.0023415720112305843
-0.16624508052294795 -0.9437135882741128 -0.15535407923974653 0.0023415720112305843
-0.16624508052294795 -0.9437135882741128 -0.7346872519631927 0.0023415720112305843
-0.15535407923974653 -0.9437135882741128 -0.16624508052294795 0.0023415720112305843
-0.7346872519631927 -0.9437135882741128 -0.16624508052294795 0.0023415720112305843
-0.7346872519631927 -0.15535407923974653 -0.9437135882741128 0.0023415720112305843
-0.15535407923974653 -0.7346872519631927 -0.9437135882741128 0.0023415720112305843
-0.16624508052294795 -0.15535407923974653 -0.9437135882741128 0.0023415720112305843
-0.16624508052294795 -0.7346872519631927 -0.9437135882741128 0.0023415720112305843
-0.15535407923974653 -0.16624508052294795 -0.9437135882741128 0.0023415720112305843
-0.7346872519631927 -0.16624508052294795 -0.9437135882741128 0.0023415720112305843
-0.5071339550396645 -0.11216026614423813 -0.43909464692848965 0.003245689175666871
-0.5071339550396645 -0.43909464692848965 -0.11216026614423813 0.003245689175666871
-0.11216026614423813 -0.5071339550396645 -0.43909464692848965 0.003245689175666871
-0.43909464692848965 -0.5071339550396645 -0.11216026614423813 0.003245689175666871
-0.11216026614423813 -0.43909464692848965 -0.5071339550396645 0.003245689175666871
-0.43909464692848965 -0.11216026614423813 -0.5071339550396645 0.003245689175666871
-0.9416111318876078 -0.11216026614423813 -0.43909464692848965 0.003245689175666871
-0.9416111318876078 -0.43909464692848965 -0.11216026614423813 0.003245689175666871
-0.9416111318876078 -0.5071339550396645 -0.43909464692848965 0.003245689175666871
-0.9416111318876078 -0.5071339550396645 -0.11216026614423813 0.003245689175666871
-0.9416111318876078 -0.43909464692848965 -0.5071339550396645 0.003245689175666871
-0.9416111318876078 -0.11216026614423813 -0.5071339550396645 0.003245689175666871
-0.11216026614423813 -0.9416111318876078 -0.43909464692848965 0.003245689175666871
-0.43909464692848965 -0.9416111318876078 -0.11216026614423813 0.003245689175666871
-0.5071339550396645 -0.9416111318876078 -0.43909464692848965 0.003245689175666871
-0.5071339550396645 -0.9416111318876078 -0.11216026614423813 0.003245689175666871
-0.43909464692848965 -0.9416111318876078 -0.5071339550396645 0.003245689175666871
-0.11216026614423813 -0.9416111318876078 -0.5071339550396645 0.003245689175666871
-0.11216026614423813 -0.43909464692848965 -0.9416111318876078 0.003245689175666871
-0.43909464692848965 -0.11216026614423813 -0.9416111318876078 0.003245689175666871
-0.5071339550396645 -0.43909464692848965 -0.9416111318876078 0.003245689175666871
-0.5071339550396645 -0.11216026614423813 -0.9416111318876078 0.003245689175666871
-0.43909464692848965 -0.5071339550396645 -0.9416111318876078 0.003245689175666871
-0.11216026614423813 -0.5071339550396645 -0.9416111318876078 0.003245689175666871
-0.7457585023859807 -0.5209098228209619 -0.2248465742165695 0.005248682621250924
-0.7457585023859807 -0.2248465742165695 -0.5209098228209619 0.005248682621250924
-0.5209098228209619 -0.7457585023859807 -0.2248465742165695 0.005248682621250924
-0.2248465742165695 -0.7457585023859807 -0.5209098228209619 0.005248682621250924
-0.5209098228209619 -0.2248465742165695 -0.7457585023859807 0.005248682621250924
-0.2248465742165695 -0.5209098228209619 -0.7457585023859807 0.005248682621250924
-0.5084851005764878 -0.5209098228209619 -0.2248465742165695 0.005248682621250924
-0.5084851005764878 -0.2248465742165695 -0.5209098228209619 0.005248682621250924
-0.5084851005764878 -0.7457585023859807 -0.2248465742165695 0.005248682621250924
-0.5084851005764878 -0.7457585023859807 -0.5209098228209619 0.005248682621250924
-0.5084851005764878 -0.2248465742165695 -0.7457585023859807 0.005248682621250924
-0.5084851005764878 -0.5209098228209619 -0.7457585023859807 0.005248682621250924
-0.5209098228209619 -0.5084851005764878 -0.2248465742165695 0.005248682621250924
-0.2248465742165695 -0.5084851005764878 -0.5209098228209619 0.005248682621250924
-0.7457585023859807 -0.5084851005764878 -0.2248465742165695 0.005248682621250924
-0.7457585023859807 -0.5084851005764878 -0.5209098228209619 0.005248682621250924
-0.2248465742165695 -0.5084851005764878 -0.7457585023859807 0.005248682621250924
-0.5209098228209619 -0.5084851005764878 -0.7457585023859807 0.005248682621250924
-0.5209098228209619 -0.2248465742165695 -0.5084851005764878 0.005248682621250924
-0.2248465742165695 -0.5209098228209619 -0.5084851005764878 0.005248682621250924
-0.7457585023859807 -0.2248465742165695 -0.5084851005764878 0.005248682621250924
-0.7457585023859807 -0.5209098228209619 -0.5084851005764878 0.005248682621250924
-0.2248465742165695 -0.7457585023859807 -0.5084851005764878 0.005248682621250924
-0.5209098228209619 -0.7457585023859807 -0.5084851005764878 0.005248682621250924
-0.5725901876276299 -0.6685738225662441 0.1006847171199925 0.004266388358808609
-0.5725901876276299 0.1006847171199925 -0.6685738225662441 0.004266388358808609
-0.6685738225662441 -0.5725901876276299 0.1006847171199925 0.004266388358808609
0.1006847171199925 -0.5725901876276299 -0.6685738225662441 0.004266388358808609
-0.6685738225662441 0.1006847171199925 -0.5725901876276299 0.004266388358808609
0.1006847171199925 -0.6685738225662441 -0.5725901876276299 0.004266388358808609
-0.8595207069261184 -0.6685738225662441 0.1006847171199925 0.004266388358808609
-0.8595207069261184 0.1006847171199925 -0.6685738225662441 0.004266388358808609
-0.8595207069261184 -0.5725901876276299 0.1006847171199925 0.004266388358808609
-0.8595207069261184 -0.5725901876276299 -0.6685738225662441 0.004266388358808609
-0.8595207069261184 0.1006847171199925 -0.5725901876276299 0.004266388358808609
-0.8595207069261184 -0.6685738225662441 -0.5725901876276299 0.004266388358808609
-0.6685738225662441 -0.8595207069261184 0.1006847171199925 0.004266388358808609
0.1006847171199925 -0.8595207069261184 -0.6685738225662441 0.004266388358808609
-0.5725901876276299 -0.8595207069261184 0.1006847171199925 0.004266388358808609
-0.5725901876276299 -0.8595207069261184 -0.6685738225662441 0.004266388358808609
0.1006847171199925 -0.8595207069261184 -0.5725901876276299 0.004266388358808609
-0.6685738225662441 -0.8595207069261184 -0.5725901876276299 0.004266388358808609
-0.6685738225662441 0.1006847171199925 -0.8595207069261184 0.004266388358808609
0.1006847171199925 -0.6685738225662441 -0.8595207069261184 0.004266388358808609
-0.5725901876276299 0.1006847171199925 -0.8595207069261184 0.004266388358808609
-0.5725901876276299 -0.6685738225662441 -0.8595207069261184 0.004266388358808609
0.1006847171199925 -0.5725901876276299 -0.8595207069261184 0.004266388358808609
-0.6685738225662441 -0.5725901876276299 -0.8595207069261184 0.004266388358808609
-0.3419293970244053 -0.6422446627947268 -0.1490472155038023 0.0050634804162116645
-0.3419293970244053 -0.1490472155038023 -0.6422446627947268 0.0050634804162116645
-0.6422446627947268 -0.3419293970244053 -0.1490472155038023 0.0050634804162116645
-0.1490472155038023 -0.3419293970244053 -0.6422446627947268 0.0050634804162116645
-0.6422446627947268 -0.1490472155038023 -0.3419293970244053 0.0050634804162116645
-0.1490472155038023 -0.6422446627947268 -0.3419293970244053 0.0050634804162116645
-0.8667787246770656 -0.6422446627947268 -0.1490472155038023 0.0050634804162116645
-0.8667787246770656 -0.1490472155038023 -0.6422446627947268 0.0050634804162116645
-0.8667787246770656 -0.3419293970244053 -0.1490472155038023 0.0050634804162116645
-0.8667787246770656 -0.3419293970244053 -0.6422446627947268 0.0050634804162116645
-0.8667787246770656 -0.1490472155038023 -0.3419293970244053 0.0050634804162116645
-0.8667787246770656 -0.6422446627947268 -0.3419293970244053 0.0050634804162116645
-0.6422446627947268 -0.8667787246770656 -0.1490472155038023 0.0050634804162116645
-0.1490472155038023 -0.8667787246770656 -0.6422446627947268 0.0050634804162116645
-0.3419293970244053 -0.8667787246770656 -0.1490472155038023 0.0050634804162116645
-0.3419293970244053 -0.8667787246770656 -0.6422446627947268 0.0050634804162116645
-0.1490472155038023 -0.8667787246770656 -0.3419293970244053 0.0050634804162116645
-0.6422446627947268 -0.8667787246770656 -0.3419293970244053 0.0050634804162116645
-0.6422446627947268 -0.1490472155038023 -0.8667787246770656 0.0050634804162116645
-0.1490472155038023 -0.6422446627947268 -0.8667787246770656 0.0050634804162116645
-0.3419293970244053 -0.1490472155038023 -0.8667787246770656 0.0050634804162116645
-0.3419293970244053 -0.6422446627947268 -0.8667787246770656 0.0050634804162116645
-0.1490472155038023 -0.3419293970244053 -0.8667787246770656 0.0050634804162116645
-0.6422446627947268 -0.3419293970244053 -0.8667787246770656 0.0050634804162116645
-0.9900993680861012 -0.33196477665477875 -0.0555357298239455 0.0019945847501746414
-0.9900993680861012 -0.0555357298239455 -0.33196477665477875 0.0019945847501746414
-0.33196477665477875 -0.9900993680861012 -0.0555357298239455 0.0019945847501746414
-0.0555357298239455 -0.9900993680861012 -0.33196477665477875 0.0019945847501746414
-0.33196477665477875 -0.0555357298239455 -0.9900993680861012 0.0019945847501746414
-0.0555357298239455 -0.33196477665477875 -0.9900993680861012 0.0019945847501746414
-0.6224001254351745 -0.33196477665477875 -0.0555357298239455 0.0019945847501746414
-0.6224001254351745 -0.0555357298239455 -0.33196477665477875 0.0019945847501746414
-0.6224001254351745 -0.9900993680861012 -0.0555357298239455 0.0019945847501746414
-0.6224001254351745 -0.9900993680861012 -0.33196477665477875 0.0019945847501746414
-0.6224001254351745 -0.0555357298239455 -0.9900993680861012 0.0019945847501746414
-0.6224001254351745 -0.33196477665477875 -0.9900993680861012 0.0019945847501746414
-0.33196477665477875 -0.6224001254351745 -0.0555357298239455 0.0019945847501746414
-0.0555357298239455 -0.6224001254351745 -0.33196477665477875 0.0019945847501746414
-0.9900993680861012 -0.6224001254351745 -0.0555357298239455 0.0019945847501746414
-0.9900993680861012 -0.6224001254351745 -0.33196477665477875 0.0019945847501746414
-0.0555357298239455 -0.6224001254351745 -0.9900993680861012 0.0019945847501746414
-0.33196477665477875 -0.6224001254351745 -0.9900993680861012 0.0019945847501746414
-0.33196477665477875 -0.0555357298239455 -0.6224001254351745 0.0019945847501746414
-0.0555357298239455 -0.33196477665477875 -0.6224001254351745 0.0019945847501746414
-0.9900993680861012 -0.0555357298239455 -0.6224001254351745 0.0019945847501746414
-0.9900993680861012 -0.33196477665477875 -0.6224001254351745 0.0019945847501746414
-0.0555357298239455 -0.9900993680861012 -0.6224001254351745 0.0019945847501746414
-0.33196477665477875 -0.9900993680861012 -0.6224001254351745 0.0019945847501746414
-0.9843074232766374 0.09175460182527706 -0.2495464783590231 0.0022719949082996333
-0.9843074232766374 -0.2495464783590231 0.09175460182527706 0.0022719949082996333
0.09175460182527706 -0.9843074232766374 -0.2495464783590231 0.0022719949082996333
-0.2495464783590231 -0.9843074232766374 0.09175460182527706 0.0022719949082996333
0.09175460182527706 -0.2495464783590231 -0.9843074232766374 0.0022719949082996333
-0.2495464783590231 0.09175460182527706 -0.9843074232766374 0.0022719949082996333
-0.8579007001896165 0.09175460182527706 -0.2495464783590231 0.0022719949082996333
-0.8579007001896165 -0.2495464783590231 0.09175460182527706 0.0022719949082996333
-0.8579007001896165 -0.9843074232766374 -0.2495464783590231 0.0022719949082996333
-0.8579007001896165 -0.9843074232766374 0.09175460182527706 0.0022719949082996333
-0.8579007001896165 -0.2495464783590231 -0.9843074232766374 0.0022719949082996333
-0.8579007001896165 0.09175460182527706 -0.9843074232766374 0.0022719949082996333
0.09175460182527706 -0.8579007001896165 -0.2495464783590231 0.0022719949082996333
-0.2495464783590231 -0.8579007001896165 0.09175460182527706 0.0022719949082996333
-0.9843074232766374 -0.8579007001896165 -0.2495464783590231 0.0022719949082996333
-0.9843074232766374 -0.8579007001896165 0.09175460182527706 0.0022719949082996333
-0.2495464783590231 -0.8579007001896165 -0.9843074232766374 0.0022719949082996333
0.09175460182527706 -0.8579007001896165 -0.9843074232766374 0.0022719949082996333
0.09175460182527706 -0.2495464783590231 -0.8579007001896165 0.0022719949082996333
-0.2495464783590231 0.09175460182527706 -0.8579007001896165 0.0022719949082996333
-0.9843074232766374 -0.2495464783590231 -0.8579007001896165 0.0022719949082996333
-0.9843074232766374 0.09175460182527706 -0.8579007001896165 0.0022719949082996333
-0.2495464783590231 -0.9843074232766374 -0.8579007001896165 0.0022719949082996333
0.09175460182527706 -0.9843074232766374 -0.8579007001896165 0.0022719949082996333
-0.7412884930675974 -0.949791202819843 0.18510321581257627 0.004838366823598746
-0.7412884930675974 0.18510321581257627 -0.949791202819843 0.004838366823598746
-0.949791202819843 -0.7412884930675974 0.18510321581257627 0.004838366823598746
0.18510321581257627 -0.7412884930675974 -0.949791202819843 0.004838366823598746
-0.949791202819843 0.18510321581257627 -0.7412884930675974 0.004838366823598746
0.18510321581257627 -0.949791202819843 -0.7412884930675974 0.004838366823598746
-0.4940235199251358 -0.949791202819843 0.18510321581257627 0.004838366823598746
-0.4940235199251358 0.18510321581257627 -0.949791202819843 0.004838366823598746
-0.4940235199251358 -0.7412884930675974 0.18510321581257627 0.004838366823598746
-0.4940235199251358 -0.7412884930675974 -0.949791202819843 0.004838366823598746
-0.4940235199251358 0.18510321581257627 -0.7412884930675974 0.004838366823598746
-0.4940235199251358 -0.949791202819843 -0.7412884930675974 0.004838366823598746
-0.949791202819843 -0.4940235199251358 0.18510321581257627 0.004838366823598746
0.18510321581257627 -0.4940235199251358 -0.949791202819843 0.004838366823598746
-0.7412884930675974 -0.4940235199251358 0.18510321581257627 0.004838366823598746
-0.7412884930675974 -0.4940235199251358 -0.949791202819843 0.004838366823598746
0.18510321581257627 -0.4940235199251358 -0.7412884930675974 0.004838366823598746
-0.949791202819843 -0.4940235199251358 -0.7412884930675974 0.004838366823598746
-0.949791202819843 0.18510321581257627 -0.4940235199251358 0.004838366823598746
0.18510321581257627 -0.949791202819843 -0.4940235199251358 0.004838366823598746
-0.7412884930675974 0.18510321581257627 -0.4940235199251358 0.004838366823598746
-0.7412884930675974 -0.949791202819843 -0.4940235199251358 0.004838366823598746
0.18510321581257627 -0.7412884930675974 -0.4940235199251358 0.004838366823598746
-0.949791202819843 -0.7412884930675974 -0.4940235199251358 0.004838366823598746
