-0.4064480806131737 -0.4064480806131737 -0.4064480806131737 0.007224606386779531
-0.7806557581604789 -0.4064480806131737 -0.4064480806131737 0.007224606386779531
-0.4064480806131737 -0.7806557581604789 -0.4064480806131737 0.007224606386779531
-0.4064480806131737 -0.4064480806131737 -0.7806557581604789 0.007224606386779531
-0.7581904055775629 -0.7581904055775629 -0.7581904055775629 0.005094530650998169
0.2745712167326888 -0.7581904055775629 -0.7581904055775629 0.005094530650998169
-0.7581904055775629 0.2745712167326888 -0.7581904055775629 0.005094530650998169
-0.7581904055775629 -0.7581904055775629 0.2745712167326888 0.005094530650998169
-0.3644081856237912 -0.3644081856237912 -0.3644081856237912 0.005409944203112064
-0.9067754431286266 -0.3644081856237912 -0.3644081856237912 0.005409944203112064
-0.3644081856237912 -0.9067754431286266 -0.3644081856237912 0.005409944203112064
-0.3644081856237912 -0.3644081856237912 -0.9067754431286266 0.005409944203112064
-0.597468857517042 -0.597468857517042 -0.597468857517042 0.005530227063667101
-0.20759342744887388 -0.597468857517042 -0.597468857517042 0.005530227063667101
-0.597468857517042 -0.20759342744887388 -0.597468857517042 0.005530227063667101
-0.597468857517042 -0.597468857517042 -0.20759342744887388 0.005530227063667101
-0.6642322061454231 -0.6642322061454231 -0.6642322061454231 0.007052755479912481
-0.007303381563730782 -0.6642322061454231 -0.6642322061454231 0.007052755479912481
-0.6642322061454231 -0.007303381563730782 -0.6642322061454231 0.007052755479912481
-0.6642322061454231 -0.6642322061454231 -0.007303381563730782 0.007052755479912481
-0.9275701207806211 -0.9275701207806211 -0.9275701207806211 0.001296055759816471
0.7827103623418632 -0.9275701207806211 -0.9275701207806211 0.001296055759816471
-0.9275701207806211 0.7827103623418632 -0.9275701207806211 0.001296055759816471
-0.9275701207806211 -0.9275701207806211 0.7827103623418632 0.001296055759816471
-0.10520489923496756 -0.8947951007650324 -0.8947951007650324 0.003984234849040602
-0.8947951007650324 -0.10520489923496756 -0.8947951007650324 0.003984234849040602
-0.10520489923496756 -0.10520489923496756 -0.8947951007650324 0.003984234849040602
-0.8947951007650324 -0.8947951007650324 -0.10520489923496756 0.003984234849040602
-0.10520489923496756 -0.8947951007650324 -0.10520489923496756 0.003984234849040602
-0.8947951007650324 -0.10520489923496756 -0.10520489923496756 0.003984234849040602
-0.6091571126626084 -0.3908428873373916 -0.3908428873373916 0.009415662564704481
-0.3908428873373916 -0.6091571126626084 -0.3908428873373916 0.009415662564704481
-0.6091571126626084 -0.6091571126626084 -0.3908428873373916 0.009415662564704481
-0.3908428873373916 -0.3908428873373916 -0.6091571126626084 0.009415662564704481
-0.6091571126626084 -0.3908428873373916 -0.6091571126626084 0.009415662564704481
-0.3908428873373916 -0.6091571126626084 -0.6091571126626084 0.009415662564704481
0.6363065467375604 -0.9354353890032097 -0.9354353890032097 0.0015173522198212918
-0.9354353890032097 0.6363065467375604 -0.9354353890032097 0.0015173522198212918
-0.9354353890032097 -0.9354353890032097 0.6363065467375604 0.0015173522198212918
-0.765435768731141 -0.9354353890032097 -0.9354353890032097 0.0015173522198212918
-0.765435768731141 0.6363065467375604 -0.9354353890032097 0.0015173522198212918
-0.765435768731141 -0.9354353890032097 0.6363065467375604 0.0015173522198212918
-0.9354353890032097 -0.765435768731141 -0.9354353890032097 0.0015173522198212918
0.6363065467375604 -0.765435768731141 -0.9354353890032097 0.0015173522198212918
-0.9354353890032097 -0.765435768731141 0.6363065467375604 0.0015173522198212918
-0.9354353890032097 -0.9354353890032097 -0.765435768731141 0.0015173522198212918
0.6363065467375604 -0.9354353890032097 -0.765435768731141 0.0015173522198212918
-0.9354353890032097 0.6363065467375604 -0.765435768731141 0.0015173522198212918
-0.6656072136343576 -0.9837469710589607 -0.9837469710589607 0.000437910411925278
-0.9837469710589607 -0.6656072136343576 -0.9837469710589607 0.000437910411925278
-0.9837469710589607 -0.9837469710589607 -0.6656072136343576 0.000437910411925278
0.633101155752279 -0.9837469710589607 -0.9837469710589607 0.000437910411925278
0.633101155752279 -0.6656072136343576 -0.9837469710589607 0.000437910411925278
0.633101155752279 -0.9837469710589607 -0.6656072136343576 0.000437910411925278
-0.9837469710589607 0.633101155752279 -0.9837469710589607 0.000437910411925278
-0.6656072136343576 0.633101155752279 -0.9837469710589607 0.000437910411925278
-0.9837469710589607 0.633101155752279 -0.6656072136343576 0.000437910411925278
-0.9837469710589607 -0.9837469710589607 0.633101155752279 0.000437910411925278
-0.6656072136343576 -0.9837469710589607 0.633101155752279 0.000437910411925278
-0.9837469710589607 -0.6656072136343576 0.633101155752279 0.000437910411925278
-0.8677797624667514 -0.6297080954011306 -0.6297080954011306 0.006023073432710887
-0.6297080954011306 -0.8677797624667514 -0.6297080954011306 0.006023073432710887
-0.6297080954011306 -0.6297080954011306 -0.8677797624667514 0.006023073432710887
0.12719595326901256 -0.6297080954011306 -0.6297080954011306 0.006023073432710887
0.12719595326901256 -0.8677797624667514 -0.6297080954011306 0.006023073432710887
0.12719595326901256 -0.6297080954011306 -0.8677797624667514 0.006023073432710887
-0.6297080954011306 0.12719595326901256 -0.6297080954011306 0.006023073432710887
-0.8677797624667514 0.12719595326901256 -0.6297080954011306 0.006023073432710887
-0.6297080954011306 0.12719595326901256 -0.8677797624667514 0.006023073432710887
-0.6297080954011306 -0.6297080954011306 0.12719595326901256 0.006023073432710887
-0.8677797624667514 -0.6297080954011306 0.12719595326901256 0.006023073432710887
-0.6297080954011306 -0.8677797624667514 0.12719595326901256 0.006023073432710887
-0.7436336309494511 -0.177844923596446 -0.177844923596446 0.0036586094641862577
-0.177844923596446 -0.7436336309494511 -0.177844923596446 0.0036586094641862577
-0.177844923596446 -0.177844923596446 -0.7436336309494511 0.0036586094641862577
-0.9006765218576569 -0.177844923596446 -0.177844923596446 0.0036586094641862577
-0.9006765218576569 -0.7436336309494511 -0.177844923596446 0.0036586094641862577
-0.9006765218576569 -0.177844923596446 -0.7436336309494511 0.0036586094641862577
-0.177844923596446 -0.9006765218576569 -0.177844923596446 0.0036586094641862577
-0.7436336309494511 -0.9006765218576569 -0.177844923596446 0.0036586094641862577
-0.177844923596446 -0.9006765218576569 -0.7436336309494511 0.0036586094641862577
-0.177844923596446 -0.177844923596446 -0.9006765218576569 0.0036586094641862577
-0.7436336309494511 -0.177844923596446 -0.9006765218576569 0.0036586094641862577
-0.177844923596446 -0.7436336309494511 -0.9006765218576569 0.0036586094641862577
0.11327324966143104 -0.979880405186291 -0.979880405186291 0.0007126805373155138
-0.979880405186291 0.11327324966143104 -0.979880405186291 0.0007126805373155138
-0.979880405186291 -0.979880405186291 0.11327324966143104 0.0007126805373155138
-0.15351243928884883 -0.979880405186291 -0.979880405186291 0.0007126805373155138
-0.15351243928884883 0.11327324966143104 -0.979880405186291 0.0007126805373155138
-0.15351243928884883 -0.979880405186291 0.11327324966143104 0.0007126805373155138
-0.979880405186291 -0.15351243928884883 -0.979880405186291 0.0007126805373155138
0.11327324966143104 -0.15351243928884883 -0.979880405186291 0.0007126805373155138
-0.979880405186291 -0.15351243928884883 0.11327324966143104 0.0007126805373155138
-0.979880405186291 -0.979880405186291 -0.15351243928884883 0.0007126805373155138
0.11327324966143104 -0.979880405186291 -0.15351243928884883 0.0007126805373155138
-0.979880405186291 0.11327324966143104 -0.15351243928884883 0.0007126805373155138
0.6485031622857007 -0.8353967699255282 -0.8353967699255282 0.0011370137031154446
-0.8353967699255282 0.6485031622857007 -0.8353967699255282 0.0011370137031154446
-0.8353967699255282 -0.8353967699255282 0.6485031622857007 0.0011370137031154446
-0.9777096224346441 -0.8353967699255282 -0.8353967699255282 0.0011370137031154446
-0.9777096224346441 0.6485031622857007 -0.8353967699255282 0.0011370137031154446
-0.9777096224346441 -0.8353967699255282 0.6485031622857007 0.0011370137031154446
-0.8353967699255282 -0.9777096224346441 -0.8353967699255282 0.0011370137031154446
0.6485031622857007 -0.9777096224346441 -0.8353967699255282 0.0011370137031154446
-0.8353967699255282 -0.9777096224346441 0.6485031622857007 0.0011370137031154446
-0.8353967699255282 -0.8353967699255282 -0.9777096224346441 0.0011370137031154446
0.6485031622857007 -0.8353967699255282 -0.9777096224346441 0.0011370137031154446
-0.8353967699255282 0.6485031622857007 -0.9777096224346441 0.0011370137031154446
0.2145845428782318 -0.9239743427946707 -0.9239743427946707 0.0021448977612674816
-0.9239743427946707 0.2145845428782318 -0.9239743427946707 0.0021448977612674816
-0.9239743427946707 -0.9239743427946707 0.2145845428782318 0.0021448977612674816
-0.3666358572888905 -0.9239743427946707 -0.9239743427946707 0.0021448977612674816
-0.3666358572888905 0.2145845428782318 -0.9239743427946707 0.0021448977612674816
-0.3666358572888905 -0.9239743427946707 0.2145845428782318 0.0021448977612674816
-0.9239743427946707 -0.3666358572888905 -0.9239743427946707 0.0021448977612674816
0.2145845428782318 -0.3666358572888905 -0.9239743427946707 0.0021448977612674816
-0.9239743427946707 -0.3666358572888905 0.2145845428782318 0.0021448977612674816
-0.9239743427946707 -0.9239743427946707 -0.3666358572888905 0.0021448977612674816
0.2145845428782318 -0.9239743427946707 -0.3666358572888905 0.0021448977612674816
-0.9239743427946707 0.2145845428782318 -0.3666358572888905 0.0021448977612674816
-0.6144817591571676 -0.8340436618841048 -0.8340436618841048 0.0028853623861640454
-0.8340436618841048 -0.6144817591571676 -0.8340436618841048 0.0028853623861640454
-0.8340436618841048 -0.8340436618841048 -0.6144817591571676 0.0028853623861640454
0.2825690829253773 -0.8340436618841048 -0.8340436618841048 0.0028853623861640454
0.2825690829253773 -0.6144817591571676 -0.8340436618841048 0.0028853623861640454
0.2825690829253773 -0.8340436618841048 -0.6144817591571676 0.0028853623861640454
-0.8340436618841048 0.2825690829253773 -0.8340436618841048 0.0028853623861640454
-0.6144817591571676 0.2825690829253773 -0.8340436618841048 0.0028853623861640454
-0.8340436618841048 0.2825690829253773 -0.6144817591571676 0.0028853623861640454
-0.8340436618841048 -0.8340436618841048 0.2825690829253773 0.0028853623861640454
-0.6144817591571676 -0.8340436618841048 0.2825690829253773 0.0028853623861640454
-0.8340436618841048 -0.6144817591571676 0.2825690829253773 0.0028853623861640454
-0.5418200413772356 -0.9353433970190925 -0.9353433970190925 0.0017319527359877613
-0.9353433970190925 -0.5418200413772356 -0.9353433970190925 0.0017319527359877613
-0.9353433970190925 -0.9353433970190925 -0.5418200413772356 0.0017319527359877613
0.41250683541542066 -0.9353433970190925 -0.9353433970190925 0.0017319527359877613
0.41250683541542066 -0.5418200413772356 -0.9353433970190925 0.0017319527359877613
0.41250683541542066 -0.9353433970190925 -0.5418200413772356 0.0017319527359877613
-0.9353433970190925 0.41250683541542066 -0.9353433970190925 0.0017319527359877613
-0.5418200413772356 0.41250683541542066 -0.9353433970190925 0.0017319527359877613
-0.9353433970190925 0.41250683541542066 -0.5418200413772356 0.0017319527359877613
-0.9353433970190925 -0.9353433970190925 0.41250683541542066 0.0017319527359877613
-0.5418200413772356 -0.9353433970190925 0.41250683541542066 0.0017319527359877613
-0.9353433970190925 -0.5418200413772356 0.41250683541542066 0.0017319527359877613
-0.9918750816428292 -0.7186956119644475 -0.7186956119644475 0.0010053628113307798
-0.7186956119644475 -0.9918750816428292 -0.7186956119644475 0.0010053628113307798
-0.7186956119644475 -0.7186956119644475 -0.9918750816428292 0.0010053628113307798
0.4292663055717243 -0.7186956119644475 -0.7186956119644475 0.0010053628113307798
0.4292663055717243 -0.9918750816428292 -0.7186956119644475 0.0010053628113307798
0.4292663055717243 -0.7186956119644475 -0.9918750816428292 0.0010053628113307798
-0.7186956119644475 0.4292663055717243 -0.7186956119644475 0.0010053628113307798
-0.9918750816428292 0.4292663055717243 -0.7186956119644475 0.0010053628113307798
-0.7186956119644475 0.4292663055717243 -0.9918750816428292 0.0010053628113307798
-0.7186956119644475 -0.7186956119644475 0.4292663055717243 0.0010053628113307798
-0.9918750816428292 -0.7186956119644475 0.4292663055717243 0.0010053628113307798
-0.7186956119644475 -0.9918750816428292 0.4292663055717243 0.0010053628113307798
0.03373131453875455 -0.7720561121774171 -0.7720561121774171 0.005248522902929435
-0.7720561121774171 0.03373131453875455 -0.7720561121774171 0.005248522902929435
-0.7720561121774171 -0.7720561121774171 0.03373131453875455 0.005248522902929435
-0.48961909018392047 -0.7720561121774171 -0.7720561121774171 0.005248522902929435
-0.48961909018392047 0.03373131453875455 -0.7720561121774171 0.005248522902929435
-0.48961909018392047 -0.7720561121774171 0.03373131453875455 0.005248522902929435
-0.7720561121774171 -0.48961909018392047 -0.7720561121774171 0.005248522902929435
0.03373131453875455 -0.48961909018392047 -0.7720561121774171 0.005248522902929435
-0.7720561121774171 -0.48961909018392047 0.03373131453875455 0.005248522902929435
-0.7720561121774171 -0.7720561121774171 -0.48961909018392047 0.005248522902929435
0.03373131453875455 -0.7720561121774171 -0.48961909018392047 0.005248522902929435
-0.7720561121774171 0.03373131453875455 -0.48961909018392047 0.005248522902929435
-0.9496428736637762 -0.9850928572456502 -0.9850928572456502 0.0001101391633908169
-0.9850928572456502 -0.9496428736637762 -0.9850928572456502 0.0001101391633908169
-0.9850928572456502 -0.9850928572456502 -0.9496428736637762 0.0001101391633908169
0.9198285881550767 -0.9850928572456502 -0.9850928572456502 0.0001101391633908169
0.9198285881550767 -0.9496428736637762 -0.9850928572456502 0.0001101391633908169
0.9198285881550767 -0.9850928572456502 -0.9496428736637762 0.0001101391633908169
-0.9850928572456502 0.9198285881550767 -0.9850928572456502 0.0001101391633908169
-0.9496428736637762 0.9198285881550767 -0.9850928572456502 0.0001101391633908169
-0.9850928572456502 0.9198285881550767 -0.9496428736637762 0.0001101391633908169
-0.9850928572456502 -0.9850928572456502 0.9198285881550767 0.0001101391633908169
-0.9496428736637762 -0.9850928572456502 0.9198285881550767 0.0001101391633908169
-0.9850928572456502 -0.9496428736637762 0.9198285881550767 0.0001101391633908169
-0.2185858650417376 -0.7779657465394622 -0.7779657465394622 0.0029367914416877617
-0.7779657465394622 -0.2185858650417376 -0.7779657465394622 0.0029367914416877617
-0.7779657465394622 -0.7779657465394622 -0.2185858650417376 0.0029367914416877617
-0.22548264187933797 -0.7779657465394622 -0.7779657465394622 0.0029367914416877617
-0.22548264187933797 -0.2185858650417376 -0.7779657465394622 0.0029367914416877617
-0.22548264187933797 -0.7779657465394622 -0.2185858650417376 0.0029367914416877617
-0.7779657465394622 -0.22548264187933797 -0.7779657465394622 0.0029367914416877617
-0.2185858650417376 -0.22548264187933797 -0.7779657465394622 0.0029367914416877617
-0.7779657465394622 -0.22548264187933797 -0.2185858650417376 0.0029367914416877617
-0.7779657465394622 -0.7779657465394622 -0.22548264187933797 0.0029367914416877617
-0.2185858650417376 -0.7779657465394622 -0.22548264187933797 0.0029367914416877617
-0.7779657465394622 -0.2185858650417376 -0.22548264187933797 0.0029367914416877617
0.06675342854747846 -0.8937237899217246 -0.19256662396091384 0.0015238830510832218
0.06675342854747846 -0.19256662396091384 -0.8937237899217246 0.0015238830510832218
-0.8937237899217246 0.06675342854747846 -0.19256662396091384 0.0015238830510832218
-0.19256662396091384 0.06675342854747846 -0.8937237899217246 0.0015238830510832218
-0.8937237899217246 -0.19256662396091384 0.06675342854747846 0.0015238830510832218
-0.19256662396091384 -0.8937237899217246 0.06675342854747846 0.0015238830510832218
-0.98046301466484 -0.8937237899217246 -0.19256662396091384 0.0015238830510832218
-0.98046301466484 -0.19256662396091384 -0.8937237899217246 0.0015238830510832218
-0.98046301466484 0.06675342854747846 -0.19256662396091384 0.0015238830510832218
-0.98046301466484 0.06675342854747846 -0.8937237899217246 0.0015238830510832218
-0.98046301466484 -0.19256662396091384 0.06675342854747846 0.0015238830510832218
-0.98046301466484 -0.8937237899217246 0.06675342854747846 0.0015238830510832218
-0.8937237899217246 -0.98046301466484 -0.19256662396091384 0.0015238830510832218
-0.19256662396091384 -0.98046301466484 -0.8937237899217246 0.0015238830510832218
0.06675342854747846 -0.98046301466484 -0.19256662396091384 0.0015238830510832218
0.06675342854747846 -0.98046301466484 -0.8937237899217246 0.0015238830510832218
-0.19256662396091384 -0.98046301466484 0.06675342854747846 0.0015238830510832218
-0.8937237899217246 -0.98046301466484 0.06675342854747846 0.0015238830510832218
-0.8937237899217246 -0.19256662396091384 -0.98046301466484 0.0015238830510832218
-0.19256662396091384 -0.8937237899217246 -0.98046301466484 0.0015238830510832218
0.06675342854747846 -0.19256662396091384 -0.98046301466484 0.0015238830510832218
0.06675342854747846 -0.8937237899217246 -0.98046301466484 0.0015238830510832218
-0.19256662396091384 0.06675342854747846 -0.98046301466484 0.0015238830510832218
-0.8937237899217246 0.06675342854747846 -0.98046301466484 0.0015238830510832218
-0.8109896570744852 -0.8112158514254377 -0.8996906762249502 0.0010716454906513314
-0.8109896570744852 -0.8996906762249502 -0.8112158514254377 0.0010716454906513314
-0.8112158514254377 -0.8109896570744852 -0.8996906762249502 0.0010716454906513314
-0.8996906762249502 -0.8109896570744852 -0.8112158514254377 0.0010716454906513314
-0.8112158514254377 -0.8996906762249502 -0.8109896570744852 0.0010716454906513314
-0.8996906762249502 -0.8112158514254377 -0.8109896570744852 0.0010716454906513314
0.5218961847248733 -0.8112158514254377 -0.8996906762249502 0.0010716454906513314
0.5218961847248733 -0.8996906762249502 -0.8112158514254377 0.0010716454906513314
0.5218961847248733 -0.8109896570744852 -0.8996906762249502 0.0010716454906513314
0.5218961847248733 -0.8109896570744852 -0.8112158514254377 0.0010716454906513314
0.5218961847248733 -0.8996906762249502 -0.8109896570744852 0.0010716454906513314
0.5218961847248733 -0.8112158514254377 -0.8109896570744852 0.0010716454906513314
-0.8112158514254377 0.5218961847248733 -0.8996906762249502 0.0010716454906513314
-0.8996906762249502 0.5218961847248733 -0.8112158514254377 0.0010716454906513314
-0.8109896570744852 0.5218961847248733 -0.8996906762249502 0.0010716454906513314
-0.8109896570744852 0.5218961847248733 -0.8112158514254377 0.0010716454906513314
-0.8996906762249502 0.5218961847248733 -0.8109896570744852 0.0010716454906513314
-0.8112158514254377 0.5218961847248733 -0.8109896570744852 0.0010716454906513314
-0.8112158514254377 -0.8996906762249502 0.5218961847248733 0.0010716454906513314
-0.8996906762249502 -0.8112158514254377 0.5218961847248733 0.0010716454906513314
-0.8109896570744852 -0.8996906762249502 0.5218961847248733 0.0010716454906513314
-0.8109896570744852 -0.8112158514254377 0.5218961847248733 0.0010716454906513314
-0.8996906762249502 -0.8109896570744852 0.5218961847248733 0.0010716454906513314
-0.8112158514254377 -0.8109896570744852 0.5218961847248733 0.0010716454906513314
0.5307911384540047 -0.8898910967145408 -0.6522215376347023 0.0008588073447511191
0.5307911384540047 -0.6522215376347023 -0.8898910967145408 0.0008588073447511191
-0.8898910967145408 0.5307911384540047 -0.6522215376347023 0.0008588073447511191
-0.6522215376347023 0.5307911384540047 -0.8898910967145408 0.0008588073447511191
-0.8898910967145408 -0.6522215376347023 0.5307911384540047 0.0008588073447511191
-0.6522215376347023 -0.8898910967145408 0.5307911384540047 0.0008588073447511191
-0.9886785041047615 -0.8898910967145408 -0.6522215376347023 0.0008588073447511191
-0.9886785041047615 -0.6522215376347023 -0.8898910967145408 0.0008588073447511191
-0.9886785041047615 0.5307911384540047 -0.6522215376347023 0.0008588073447511191
-0.9886785041047615 0.5307911384540047 -0.8898910967145408 0.0008588073447511191
-0.9886785041047615 -0.6522215376347023 0.5307911384540047 0.0008588073447511191
-0.9886785041047615 -0.8898910967145408 0.5307911384540047 0.0008588073447511191
-0.8898910967145408 -0.9886785041047615 -0.6522215376347023 0.0008588073447511191
-0.6522215376347023 -0.9886785041047615 -0.8898910967145408 0.0008588073447511191
0.5307911384540047 -0.9886785041047615 -0.6522215376347023 0.0008588073447511191
0.5307911384540047 -0.9886785041047615 -0.8898910967145408 0.0008588073447511191
-0.6522215376347023 -0.9886785041047615 0.5307911384540047 0.0008588073447511191
-0.8898910967145408 -0.9886785041047615 0.5307911384540047 0.0008588073447511191
-0.8898910967145408 -0.6522215376347023 -0.9886785041047615 0.0008588073447511191
-0.6522215376347023 -0.8898910967145408 -0.9886785041047615 0.0008588073447511191
0.5307911384540047 -0.6522215376347023 -0.9886785041047615 0.0008588073447511191
0.5307911384540047 -0.8898910967145408 -0.9886785041047615 0.0008588073447511191
-0.6522215376347023 0.5307911384540047 -0.9886785041047615 0.0008588073447511191
-0.8898910967145408 0.5307911384540047 -0.9886785041047615 0.0008588073447511191
-0.8049655923555912 -0.640272539753139 0.3759143905579061 0.0030464040820907044
-0.8049655923555912 0.3759143905579061 -0.640272539753139 0.0030464040820907044
-0.640272539753139 -0.8049655923555912 0.3759143905579061 0.0030464040820907044
0.3759143905579061 -0.8049655923555912 -0.640272539753139 0.0030464040820907044
-0.640272539753139 0.3759143905579061 -0.8049655923555912 0.0030464040820907044
0.3759143905579061 -0.640272539753139 -0.8049655923555912 0.0030464040820907044
-0.9306762584491758 -0.640272539753139 0.3759143905579061 0.0030464040820907044
-0.9306762584491758 0.3759143905579061 -0.640272539753139 0.0030464040820907044
-0.9306762584491758 -0.8049655923555912 0.3759143905579061 0.0030464040820907044
-0.9306762584491758 -0.8049655923555912 -0.640272539753139 0.0030464040820907044
-0.9306762584491758 0.3759143905579061 -0.8049655923555912 0.0030464040820907044
-0.9306762584491758 -0.640272539753139 -0.8049655923555912 0.0030464040820907044
-0.640272539753139 -0.9306762584491758 0.3759143905579061 0.0030464040820907044
0.3759143905579061 -0.9306762584491758 -0.640272539753139 0.0030464040820907044
-0.8049655923555912 -0.9306762584491758 0.3759143905579061 0.0030464040820907044
-0.8049655923555912 -0.9306762584491758 -0.640272539753139 0.0030464040820907044
0.3759143905579061 -0.9306762584491758 -0.8049655923555912 0.0030464040820907044
-0.640272539753139 -0.9306762584491758 -0.8049655923555912 0.0030464040820907044
-0.640272539753139 0.3759143905579061 -0.9306762584491758 0.0030464040820907044
0.3759143905579061 -0.640272539753139 -0.9306762584491758 0.0030464040820907044
-0.8049655923555912 0.3759143905579061 -0.9306762584491758 0.0030464040820907044
-0.8049655923555912 -0.640272539753139 -0.9306762584491758 0.0030464040820907044
0.3759143905579061 -0.8049655923555912 -0.9306762584491758 0.0030464040820907044
-0.640272539753139 -0.8049655923555912 -0.9306762584491758 0.0030464040820907044
-0.18099268276581126 -0.5756158904495705 -0.33565299499298995 0.0023576202312047836
-0.18099268276581126 -0.33565299499298995 -0.5756158904495705 0.0023576202312047836
-0.5756158904495705 -0.18099268276581126 -0.33565299499298995 0.0023576202312047836
-0.33565299499298995 -0.18099268276581126 -0.5756158904495705 0.0023576202312047836
-0.5756158904495705 -0.33565299499298995 -0.18099268276581126 0.0023576202312047836
-0.33565299499298995 -0.5756158904495705 -0.18099268276581126 0.0023576202312047836
-0.9077384317916282 -0.5756158904495705 -0.33565299499298995 0.0023576202312047836
-0.9077384317916282 -0.33565299499298995 -0.5756158904495705 0.0023576202312047836
-0.9077384317916282 -0.18099268276581126 -0.33565299499298995 0.0023576202312047836
-0.9077384317916282 -0.18099268276581126 -0.5756158904495705 0.0023576202312047836
-0.9077384317916282 -0.33565299499298995 -0.18099268276581126 0.0023576202312047836
-0.9077384317916282 -0.5756158904495705 -0.18099268276581126 0.0023576202312047836
-0.5756158904495705 -0.9077384317916282 -0.33565299499298995 0.0023576202312047836
-0.33565299499298995 -0.9077384317916282 -0.5756158904495705 0.0023576202312047836
-0.18099268276581126 -0.9077384317916282 -0.33565299499298995 0.0023576202312047836
-0.18099268276581126 -0.9077384317916282 -0.5756158904495705 0.0023576202312047836
-0.33565299499298995 -0.9077384317916282 -0.18099268276581126 0.0023576202312047836
-0.5756158904495705 -0.9077384317916282 -0.18099268276581126 0.0023576202312047836
-0.5756158904495705 -0.33565299499298995 -0.9077384317916282 0.0023576202312047836
-0.33565299499298995 -0.5756158904495705 -0.9077384317916282 0.0023576202312047836
-0.18099268276581126 -0.33565299499298995 -0.9077384317916282 0.0023576202312047836
-0.18099268276581126 -0.5756158904495705 -0.9077384317916282 0.0023576202312047836
-0.33565299499298995 -0.18099268276581126 -0.9077384317916282 0.0023576202312047836
-0.5756158904495705 -0.18099268276581126 -0.9077384317916282 0.0023576202312047836
-0.04688855849998608 -0.7419676975296079 -0.2310558047179716 0.0018187908221387128
-0.04688855849998608 -0.2310558047179716 -0.7419676975296079 0.0018187908221387128
-0.7419676975296079 -0.04688855849998608 -0.2310558047179716 0.0018187908221387128
-0.2310558047179716 -0.04688855849998608 -0.7419676975296079 0.0018187908221387128
-0.7419676975296079 -0.2310558047179716 -0.04688855849998608 0.0018187908221387128
-0.2310558047179716 -0.7419676975296079 -0.04688855849998608 0.0018187908221387128
-0.9800879392524343 -0.7419676975296079 -0.2310558047179716 0.0018187908221387128
-0.9800879392524343 -0.2310558047179716 -0.7419676975296079 0.0018187908221387128
-0.9800879392524343 -0.04688855849998608 -0.2310558047179716 0.0018187908221387128
-0.9800879392524343 -0.04688855849998608 -0.7419676975296079 0.0018187908221387128
-0.9800879392524343 -0.2310558047179716 -0.04688855849998608 0.0018187908221387128
-0.9800879392524343 -0.7419676975296079 -0.04688855849998608 0.0018187908221387128
-0.7419676975296079 -0.9800879392524343 -0.2310558047179716 0.0018187908221387128
-0.2310558047179716 -0.9800879392524343 -0.7419676975296079 0.0018187908221387128
-0.04688855849998608 -0.9800879392524343 -0.2310558047179716 0.0018187908221387128
-0.04688855849998608 -0.9800879392524343 -0.7419676975296079 0.0018187908221387128
-0.2310558047179716 -0.9800879392524343 -0.04688855849998608 0.0018187908221387128
-0.7419676975296079 -0.9800879392524343 -0.04688855849998608 0.0018187908221387128
-0.7419676975296079 -0.2310558047179716 -0.9800879392524343 0.0018187908221387128
-0.2310558047179716 -0.7419676975296079 -0.9800879392524343 0.0018187908221387128
-0.04688855849998608 -0.2310558047179716 -0.9800879392524343 0.0018187908221387128
-0.04688855849998608 -0.7419676975296079 -0.9800879392524343 0.0018187908221387128
-0.2310558047179716 -0.04688855849998608 -0.9800879392524343 0.0018187908221387128
-0.7419676975296079 -0.04688855849998608 -0.9800879392524343 0.0018187908221387128
-0.9724783050264596 -0.6770253553867771 0.19654102160212816 0.001879350693656031
-0.9724783050264596 0.19654102160212816 -0.6770253553867771 0.001879350693656031
-0.6770253553867771 -0.9724783050264596 0.19654102160212816 0.001879350693656031
0.19654102160212816 -0.9724783050264596 -0.6770253553867771 0.001879350693656031
-0.6770253553867771 0.19654102160212816 -0.9724783050264596 0.001879350693656031
0.19654102160212816 -0.6770253553867771 -0.9724783050264596 0.001879350693656031
-0.5470373611888916 -0.6770253553867771 0.19654102160212816 0.001879350693656031
-0.5470373611888916 0.19654102160212816 -0.6770253553867771 0.001879350693656031
-0.5470373611888916 -0.9724783050264596 0.19654102160212816 0.001879350693656031
-0.5470373611888916 -0.9724783050264596 -0.6770253553867771 0.001879350693656031
-0.5470373611888916 0.19654102160212816 -0.9724783050264596 0.001879350693656031
-0.5470373611888916 -0.6770253553867771 -0.9724783050264596 0.001879350693656031
-0.6770253553867771 -0.5470373611888916 0.19654102160212816 0.001879350693656031
0.19654102160212816 -0.5470373611888916 -0.6770253553867771 0.001879350693656031
-0.9724783050264596 -0.5470373611888916 0.19654102160212816 0.001879350693656031
-0.9724783050264596 -0.5470373611888916 -0.6770253553867771 0.001879350693656031
0.19654102160212816 -0.5470373611888916 -0.9724783050264596 0.001879350693656031
-0.6770253553867771 -0.5470373611888916 -0.9724783050264596 0.001879350693656031
-0.6770253553867771 0.19654102160212816 -0.5470373611888916 0.001879350693656031
0.19654102160212816 -0.6770253553867771 -0.5470373611888916 0.001879350693656031
-0.9724783050264596 0.19654102160212816 -0.5470373611888916 0.001879350693656031
-0.9724783050264596 -0.6770253553867771 -0.5470373611888916 0.001879350693656031
0.19654102160212816 -0.9724783050264596 -0.5470373611888916 0.001879350693656031
-0.6770253553867771 -0.9724783050264596 -0.5470373611888916 0.001879350693656031
-0.1712998517195059 -0.788143384212028 -0.4293972475072718 0.007136261563761234
-0.1712998517195059 -0.4293972475072718 -0.788143384212028 0.007136261563761234
-0.788143384212028 -0.1712998517195059 -0.4293972475072718 0.007136261563761234
-0.4293972475072718 -0.1712998517195059 -0.788143384212028 0.007136261563761234
-0.788143384212028 -0.4293972475072718 -0.1712998517195059 0.007136261563761234
-0.4293972475072718 -0.788143384212028 -0.1712998517195059 0.007136261563761234
-0.6111595165611943 -0.788143384212028 -0.4293972475072718 0.007136261563761234
-0.6111595165611943 -0.4293972475072718 -0.788143384212028 0.007136261563761234
-0.6111595165611943 -0.1712998517195059 -0.4293972475072718 0.007136261563761234
-0.6111595165611943 -0.1712998517195059 -0.788143384212028 0.007136261563761234
-0.6111595165611943 -0.4293972475072718 -0.1712998517195059 0.007136261563761234
-0.6111595165611943 -0.788143384212028 -0.1712998517195059 0.007136261563761234
-0.788143384212028 -0.6111595165611943 -0.4293972475072718 0.007136261563761234
-0.4293972475072718 -0.6111595165611943 -0.788143384212028 0.007136261563761234
-0.1712998517195059 -0.6111595165611943 -0.4293972475072718 0.007136261563761234
-0.1712998517195059 -0.6111595165611943 -0.788143384212028 0.007136261563761234
-0.4293972475072718 -0.6111595165611943 -0.1712998517195059 0.007136261563761234
-0.788143384212028 -0.6111595165611943 -0.1712998517195059 0.007136261563761234
-0.788143384212028 -0.4293972475072718 -0.6111595165611943 0.007136261563761234
-0.4293972475072718 -0.788143384212028 -0.6111595165611943 0.007136261563761234
-0.1712998517195059 -0.4293972475072718 -0.6111595165611943 0.007136261563761234
-0.1712998517195059 -0.788143384212028 -0.6111595165611943 0.007136261563761234
-0.4293972475072718 -0.1712998517195059 -0.6111595165611943 0.007136261563761234
-0.788143384212028 -0.1712998517195059 -0.6111595165611943 0.007136261563761234
-0.4271833689490093 -0.5907541343086382 -0.05421837921140693 0.003143002338398608
-0.4271833689490093 -0.05421837921140693 -0.5907541343086382 0.003143002338398608
-0.5907541343086382 -0.4271833689490093 -0.05421837921140693 0.003143002338398608
-0.05421837921140693 -0.4271833689490093 -0.5907541343086382 0.003143002338398608
-0.5907541343086382 -0.05421837921140693 -0.4271833689490093 0.003143002338398608
-0.05421837921140693 -0.5907541343086382 -0.4271833689490093 0.003143002338398608
-0.9278441175309455 -0.5907541343086382 -0.05421837921140693 0.003143002338398608
-0.9278441175309455 -0.05421837921140693 -0.5907541343086382 0.003143002338398608
-0.9278441175309455 -0.4271833689490093 -0.05421837921140693 0.003143002338398608
-0.9278441175309455 -0.4271833689490093 -0.5907541343086382 0.003143002338398608
-0.9278441175309455 -0.05421837921140693 -0.4271833689490093 0.003143002338398608
-0.9278441175309455 -0.5907541343086382 -0.4271833689490093 0.003143002338398608
-0.5907541343086382 -0.9278441175309455 -0.05421837921140693 0.003143002338398608
-0.05421837921140693 -0.9278441175309455 -0.5907541343086382 0.003143002338398608
-0.4271833689490093 -0.9278441175309455 -0.05421837921140693 0.003143002338398608
-0.4271833689490093 -0.9278441175309455 -0.5907541343086382 0.003143002338398608
-0.05421837921140693 -0.9278441175309455 -0.4271833689490093 0.003143002338398608
-0.5907541343086382 -0.9278441175309455 -0.4271833689490093 0.003143002338398608
-0.5907541343086382 -0.05421837921140693 -0.9278441175309455 0.003143002338398608
-0.05421837921140693 -0.5907541343086382 -0.9278441175309455 0.003143002338398608
-0.4271833689490093 -0.05421837921140693 -0.9278441175309455 0.003143002338398608
-0.4271833689490093 -0.5907541343086382 -0.9278441175309455 0.003143002338398608
-0.05421837921140693 -0.4271833689490093 -0.9278441175309455 0.003143002338398608
-0.5907541343086382 -0.4271833689490093 -0.9278441175309455 0.003143002338398608
-0.9527683353396941 -0.8511640626024597 -0.9951156605843283 0.00031140003753587803
-0.9527683353396941 -0.9951156605843283 -0.8511640626024597 0.00031140003753587803
-0.8511640626024597 -0.9527683353396941 -0.9951156605843283 0.00031140003753587803
-0.9951156605843283 -0.9527683353396941 -0.8511640626024597 0.00031140003753587803
-0.8511640626024597 -0.9951156605843283 -0.9527683353396941 0.00031140003753587803
-0.9951156605843283 -0.8511640626024597 -0.9527683353396941 0.00031140003753587803
0.7990480585264821 -0.8511640626024597 -0.9951156605843283 0.00031140003753587803
0.7990480585264821 -0.9951156605843283 -0.8511640626024597 0.00031140003753587803
0.7990480585264821 -0.9527683353396941 -0.9951156605843283 0.00031140003753587803
0.7990480585264821 -0.9527683353396941 -0.8511640626024597 0.00031140003753587803
0.7990480585264821 -0.9951156605843283 -0.9527683353396941 0.00031140003753587803
0.7990480585264821 -0.8511640626024597 -0.9527683353396941 0.00031140003753587803
-0.8511640626024597 0.7990480585264821 -0.9951156605843283 0.00031140003753587803
-0.9951156605843283 0.7990480585264821 -0.8511640626024597 0.00031140003753587803
-0.9527683353396941 0.7990480585264821 -0.9951156605843283 0.00031140003753587803
-0.9527683353396941 0.7990480585264821 -0.8511640626024597 0.00031140003753587803
-0.9951156605843283 0.7990480585264821 -0.9527683353396941 0.00031140003753587803
-0.8511640626024597 0.7990480585264821 -0.9527683353396941 0.00031140003753587803
-0.8511640626024597 -0.9951156605843283 0.7990480585264821 0.00031140003753587803
-0.9951156605843283 -0.8511640626024597 0.7990480585264821 0.00031140003753587803
-0.9527683353396941 -0.9951156605843283 0.7990480585264821 0.00031140003753587803
-0.9527683353396941 -0.8511640626024597 0.7990480585264821 0.00031140003753587803
-0.9951156605843283 -0.9527683353396941 0.7990480585264821 0.00031140003753587803
-0.8511640626024597 -0.9527683353396941 0.7990480585264821 0.00031140003753587803
0.01574915185728054 -0.4123295280626431 -0.6121791685222182 0.0011065588147264518
0.01574915185728054 -0.6121791685222182 -0.4123295280626431 0.0011065588147264518
-0.4123295280626431 0.01574915185728054 -0.6121791685222182 0.0011065588147264518
-0.6121791685222182 0.01574915185728054 -0.4123295280626431 0.0011065588147264518
-0.4123295280626431 -0.6121791685222182 0.01574915185728054 0.0011065588147264518
-0.6121791685222182 -0.4123295280626431 0.01574915185728054 0.0011065588147264518
-0.9912404552724193 -0.4123295280626431 -0.6121791685222182 0.0011065588147264518
-0.9912404552724193 -0.6121791685222182 -0.4123295280626431 0.0011065588147264518
-0.9912404552724193 0.01574915185728054 -0.6121791685222182 0.0011065588147264518
-0.9912404552724193 0.01574915185728054 -0.4123295280626431 0.0011065588147264518
-0.9912404552724193 -0.6121791685222182 0.01574915185728054 0.0011065588147264518
-0.9912404552724193 -0.4123295280626431 0.01574915185728054 0.0011065588147264518
-0.4123295280626431 -0.9912404552724193 -0.6121791685222182 0.0011065588147264518
-0.6121791685222182 -0.9912404552724193 -0.4123295280626431 0.0011065588147264518
0.01574915185728054 -0.9912404552724193 -0.6121791685222182 0.0011065588147264518
0.01574915185728054 -0.9912404552724193 -0.4123295280626431 0.0011065588147264518
-0.6121791685222182 -0.9912404552724193 0.01574915185728054 0.0011065588147264518
-0.4123295280626431 -0.9912404552724193 0.01574915185728054 0.0011065588147264518
-0.4123295280626431 -0.6121791685222182 -0.9912404552724193 0.0011065588147264518
-0.6121791685222182 -0.4123295280626431 -0.9912404552724193 0.0011065588147264518
0.01574915185728054 -0.6121791685222182 -0.9912404552724193 0.0011065588147264518
0.01574915185728054 -0.4123295280626431 -0.9912404552724193 0.0011065588147264518
-0.6121791685222182 0.01574915185728054 -0.9912404552724193 0.0011065588147264518
-0.4123295280626431 0.01574915185728054 -0.9912404552724193 0.0011065588147264518
-0.9952227701189764 -0.42019901601373943 0.3735050892350307 0.00046404363674935455
-0.9952227701189764 0.3735050892350307 -0.42019901601373943 0.00046404363674935455
-0.42019901601373943 -0.9952227701189764 0.3735050892350307 0.00046404363674935455
0.3735050892350307 -0.9952227701189764 -0.42019901601373943 0.00046404363674935455
-0.42019901601373943 0.3735050892350307 -0.9952227701189764 0.00046404363674935455
0.3735050892350307 -0.42019901601373943 -0.9952227701189764 0.00046404363674935455
-0.9580833031023149 -0.42019901601373943 0.3735050892350307 0.00046404363674935455
-0.9580833031023149 0.3735050892350307 -0.42019901601373943 0.00046404363674935455
-0.9580833031023149 -0.9952227701189764 0.3735050892350307 0.00046404363674935455
-0.9580833031023149 -0.9952227701189764 -0.42019901601373943 0.00046404363674935455
-0.9580833031023149 0.3735050892350307 -0.9952227701189764 0.00046404363674935455
-0.9580833031023149 -0.42019901601373943 -0.9952227701189764 0.00046404363674935455
-0.42019901601373943 -0.9580833031023149 0.3735050892350307 0.00046404363674935455
0.3735050892350307 -0.9580833031023149 -0.42019901601373943 0.00046404363674935455
-0.9952227701189764 -0.9580833031023149 0.3735050892350307 0.00046404363674935455
-0.9952227701189764 -0.9580833031023149 -0.42019901601373943 0.00046404363674935455
0.3735050892350307 -0.9580833031023149 -0.9952227701189764 0.00046404363674935455
-0.42019901601373943 -0.9580833031023149 -0.9952227701189764 0.00046404363674935455
-0.42019901601373943 0.3735050892350307 -0.9580833031023149 0.00046404363674935455
0.3735050892350307 -0.42019901601373943 -0.9580833031023149 0.00046404363674935455
-0.9952227701189764 0.3735050892350307 -0.9580833031023149 0.00046404363674935455
-0.9952227701189764 -0.42019901601373943 -0.9580833031023149 0.00046404363674935455
0.3735050892350307 -0.9952227701189764 -0.9580833031023149 0.00046404363674935455
-0.42019901601373943 -0.9952227701189764 -0.9580833031023149 0.00046404363674935455
-0.4439819533022723 -0.986159208944782 0.25681667353485205 0.0014417419966124122
-0.4439819533022723 0.25681667353485205 -0.986159208944782 0.0014417419966124122
-0.986159208944782 -0.4439819533022723 0.25681667353485205 0.0014417419966124122
0.25681667353485205 -0.4439819533022723 -0.986159208944782 0.0014417419966124122
-0.986159208944782 0.25681667353485205 -0.4439819533022723 0.0014417419966124122
0.25681667353485205 -0.986159208944782 -0.4439819533022723 0.0014417419966124122
-0.8266755112877977 -0.986159208944782 0.25681667353485205 0.0014417419966124122
-0.8266755112877977 0.25681667353485205 -0.986159208944782 0.0014417419966124122
-0.8266755112877977 -0.4439819533022723 0.25681667353485205 0.0014417419966124122
-0.8266755112877977 -0.4439819533022723 -0.986159208944782 0.0014417419966124122
-0.8266755112877977 0.25681667353485205 -0.4439819533022723 0.0014417419966124122
-0.8266755112877977 -0.986159208944782 -0.4439819533022723 0.0014417419966124122
-0.986159208944782 -0.8266755112877977 0.25681667353485205 0.0014417419966124122
0.25681667353485205 -0.8266755112877977 -0.986159208944782 0.0014417419966124122
-0.4439819533022723 -0.8266755112877977 0.25681667353485205 0.0014417419966124122
-0.4439819533022723 -0.8266755112877977 -0.986159208944782 0.0014417419966124122
0.25681667353485205 -0.8266755112877977 -0.4439819533022723 0.0014417419966124122
-0.986159208944782 -0.8266755112877977 -0.4439819533022723 0.0014417419966124122
-0.986159208944782 0.25681667353485205 -0.8266755112877977 0.0014417419966124122
0.25681667353485205 -0.986159208944782 -0.8266755112877977 0.0014417419966124122
-0.4439819533022723 0.25681667353485205 -0.8266755112877977 0.0014417419966124122
-0.4439819533022723 -0.986159208944782 -0.8266755112877977 0.0014417419966124122
0.25681667353485205 -0.4439819533022723 -0.8266755112877977 0.0014417419966124122
-0.986159208944782 -0.4439819533022723 -0.8266755112877977 0.0014417419966124122
0.08622611498116317 -0.7893617862055695 -0.3893645059581442 0.0044847906568580885
0.08622611498116317 -0.3893645059581442 -0.7893617862055695 0.0044847906568580885
-0.7893617862055695 0.08622611498116317 -0.3893645059581442 0.0044847906568580885
-0.3893645059581442 0.08622611498116317 -0.7893617862055695 0.0044847906568580885
-0.7893617862055695 -0.3893645059581442 0.08622611498116317 0.0044847906568580885
-0.3893645059581442 -0.7893617862055695 0.08622611498116317 0.0044847906568580885
-0.9074998228174492 -0.7893617862055695 -0.3893645059581442 0.0044847906568580885
-0.9074998228174492 -0.3893645059581442 -0.7893617862055695 0.0044847906568580885
-0.9074998228174492 0.08622611498116317 -0.3893645059581442 0.0044847906568580885
-0.9074998228174492 0.08622611498116317 -0.7893617862055695 0.0044847906568580885
-0.9074998228174492 -0.3893645059581442 0.08622611498116317 0.0044847906568580885
-0.9074998228174492 -0.7893617862055695 0.08622611498116317 0.0044847906568580885
-0.7893617862055695 -0.9074998228174492 -0.3893645059581442 0.0044847906568580885
-0.3893645059581442 -0.9074998228174492 -0.7893617862055695 0.0044847906568580885
0.08622611498116317 -0.9074998228174492 -0.3893645059581442 0.0044847906568580885
0.08622611498116317 -0.9074998228174492 -0.7893617862055695 0.0044847906568580885
-0.3893645059581442 -0.9074998228174492 0.08622611498116317 0.0044847906568580885
-0.7893617862055695 -0.9074998228174492 0.08622611498116317 0.0044847906568580885
-0.7893617862055695 -0.3893645059581442 -0.9074998228174492 0.0044847906568580885
-0.3893645059581442 -0.7893617862055695 -0.9074998228174492 0.0044847906568580885
0.08622611498116317 -0.3893645059581442 -0.9074998228174492 0.0044847906568580885
0.08622611498116317 -0.7893617862055695 -0.9074998228174492 0.0044847906568580885
-0.3893645059581442 0.08622611498116317 -0.9074998228174492 0.0044847906568580885
-0.7893617862055695 0.08622611498116317 -0.9074998228174492 0.0044847906568580885
-0.9824153495614825 -0.3224768599414076 -0.4956088682114478 0.0015184260319373406
-0.9824153495614825 -0.4956088682114478 -0.3224768599414076 0.0015184260319373406
-0.3224768599414076 -0.9824153495614825 -0.4956088682114478 0.0015184260319373406
-0.4956088682114478 -0.9824153495614825 -0.3224768599414076 0.0015184260319373406
-0.3224768599414076 -0.4956088682114478 -0.9824153495614825 0.0015184260319373406
-0.4956088682114478 -0.3224768599414076 -0.9824153495614825 0.0015184260319373406
-0.19949892228566213 -0.3224768599414076 -0.4956088682114478 0.0015184260319373406
-0.19949892228566213 -0.4956088682114478 -0.3224768599414076 0.0015184260319373406
-0.19949892228566213 -0.9824153495614825 -0.4956088682114478 0.0015184260319373406
-0.19949892228566213 -0.9824153495614825 -0.3224768599414076 0.0015184260319373406
-0.19949892228566213 -0.4956088682114478 -0.9824153495614825 0.0015184260319373406
-0.19949892228566213 -0.3224768599414076 -0.9824153495614825 0.0015184260319373406
-0.3224768599414076 -0.19949892228566213 -0.4956088682114478 0.0015184260319373406
-0.4956088682114478 -0.19949892228566213 -0.3224768599414076 0.0015184260319373406
-0.9824153495614825 -0.19949892228566213 -0.4956088682114478 0.0015184260319373406
-0.9824153495614825 -0.19949892228566213 -0.3224768599414076 0.0015184260319373406
-0.4956088682114478 -0.19949892228566213 -0.9824153495614825 0.0015184260319373406
-0.3224768599414076 -0.19949892228566213 -0.9824153495614825 0.0015184260319373406
-0.3224768599414076 -0.4956088682114478 -0.19949892228566213 0.0015184260319373406
-0.4956088682114478 -0.3224768599414076 -0.19949892228566213 0.0015184260319373406
-0.9824153495614825 -0.4956088682114478 -0.19949892228566213 0.0015184260319373406
-0.9824153495614825 -0.3224768599414076 -0.19949892228566213 0.0015184260319373406
-0.4956088682114478 -0.9824153495614825 -0.19949892228566213 0.0015184260319373406
-0.3224768599414076 -0.9824153495614825 -0.19949892228566213 0.0015184260319373406
