-0.9661471568290556 -0.9661471568290556 -0.9661471568290556 0.0006816039695273247
0.8984414704871668 -0.9661471568290556 -0.9661471568290556 0.0006816039695273247
-0.9661471568290556 0.8984414704871668 -0.9661471568290556 0.0006816039695273247
-0.9661471568290556 -0.9661471568290556 0.8984414704871668 0.0006816039695273247
-0.4326441490808556 -0.4326441490808556 -0.4326441490808556 0.0216098745603021
-0.7020675527574334 -0.4326441490808556 -0.4326441490808556 0.0216098745603021
-0.4326441490808556 -0.7020675527574334 -0.4326441490808556 0.0216098745603021
-0.4326441490808556 -0.4326441490808556 -0.7020675527574334 0.0216098745603021
-0.6356031720048283 -0.6356031720048283 -0.6356031720048283 0.020701048027217516
-0.0931904839855151 -0.6356031720048283 -0.6356031720048283 0.020701048027217516
-0.6356031720048283 -0.0931904839855151 -0.6356031720048283 0.020701048027217516
-0.6356031720048283 -0.6356031720048283 -0.0931904839855151 0.020701048027217516
-0.029016010304369177 -0.9709839896956308 -0.9709839896956308 0.001625347013300562
-0.9709839896956308 -0.029016010304369177 -0.9709839896956308 0.001625347013300562
-0.029016010304369177 -0.029016010304369177 -0.9709839896956308 0.001625347013300562
-0.9709839896956308 -0.9709839896956308 -0.029016010304369177 0.001625347013300562
-0.029016010304369177 -0.9709839896956308 -0.029016010304369177 0.001625347013300562
-0.9709839896956308 -0.029016010304369177 -0.029016010304369177 0.001625347013300562
-0.28548828753171274 -0.7145117124682872 -0.7145117124682872 0.011297150470834556
-0.7145117124682872 -0.28548828753171274 -0.7145117124682872 0.011297150470834556
-0.28548828753171274 -0.28548828753171274 -0.7145117124682872 0.011297150470834556
-0.7145117124682872 -0.7145117124682872 -0.28548828753171274 0.011297150470834556
-0.28548828753171274 -0.7145117124682872 -0.28548828753171274 0.011297150470834556
-0.7145117124682872 -0.28548828753171274 -0.28548828753171274 0.011297150470834556
0.5532714987466008 -0.8535654548760929 -0.8535654548760929 0.002396712407207644
-0.8535654548760929 0.5532714987466008 -0.8535654548760929 0.002396712407207644
-0.8535654548760929 -0.8535654548760929 0.5532714987466008 0.002396712407207644
-0.8461405889944148 -0.8535654548760929 -0.8535654548760929 0.002396712407207644
-0.8461405889944148 0.5532714987466008 -0.8535654548760929 0.002396712407207644
-0.8461405889944148 -0.8535654548760929 0.5532714987466008 0.002396712407207644
-0.8535654548760929 -0.8461405889944148 -0.8535654548760929 0.002396712407207644
0.5532714987466008 -0.8461405889944148 -0.8535654548760929 0.002396712407207644
-0.8535654548760929 -0.8461405889944148 0.5532714987466008 0.002396712407207644
-0.8535654548760929 -0.8535654548760929 -0.8461405889944148 0.002396712407207644
0.5532714987466008 -0.8535654548760929 -0.8461405889944148 0.002396712407207644
-0.8535654548760929 0.5532714987466008 -0.8461405889944148 0.002396712407207644
-0.5548786890151312 -0.978868831790206 -0.978868831790206 0.0010930686961013415
-0.978868831790206 -0.5548786890151312 -0.978868831790206 0.0010930686961013415
-0.978868831790206 -0.978868831790206 -0.5548786890151312 0.0010930686961013415
0.5126163525955432 -0.978868831790206 -0.978868831790206 0.0010930686961013415
0.5126163525955432 -0.5548786890151312 -0.978868831790206 0.0010930686961013415
0.5126163525955432 -0.978868831790206 -0.5548786890151312 0.0010930686961013415
-0.978868831790206 0.5126163525955432 -0.978868831790206 0.0010930686961013415
-0.5548786890151312 0.5126163525955432 -0.978868831790206 0.0010930686961013415
-0.978868831790206 0.5126163525955432 -0.5548786890151312 0.0010930686961013415
-0.978868831790206 -0.978868831790206 0.5126163525955432 0.0010930686961013415
-0.5548786890151312 -0.978868831790206 0.5126163525955432 0.0010930686961013415
-0.978868831790206 -0.5548786890151312 0.5126163525955432 0.0010930686961013415
-0.8884995551886805 -0.4724054746623707 -0.4724054746623707 0.010242367029964016
-0.4724054746623707 -0.8884995551886805 -0.4724054746623707 0.010242367029964016
-0.4724054746623707 -0.4724054746623707 -0.8884995551886805 0.010242367029964016
-0.16668949548657808 -0.4724054746623707 -0.4724054746623707 0.010242367029964016
-0.16668949548657808 -0.8884995551886805 -0.4724054746623707 0.010242367029964016
-0.16668949548657808 -0.4724054746623707 -0.8884995551886805 0.010242367029964016
-0.4724054746623707 -0.16668949548657808 -0.4724054746623707 0.010242367029964016
-0.8884995551886805 -0.16668949548657808 -0.4724054746623707 0.010242367029964016
-0.4724054746623707 -0.16668949548657808 -0.8884995551886805 0.010242367029964016
-0.4724054746623707 -0.4724054746623707 -0.16668949548657808 0.010242367029964016
-0.8884995551886805 -0.4724054746623707 -0.16668949548657808 0.010242367029964016
-0.4724054746623707 -0.8884995551886805 -0.16668949548657808 0.010242367029964016
-0.7774181465889343 -0.1290194594012366 -0.1290194594012366 0.0059731338476997076
-0.1290194594012366 -0.7774181465889343 -0.1290194594012366 0.0059731338476997076
-0.1290194594012366 -0.1290194594012366 -0.7774181465889343 0.0059731338476997076
-0.9645429346085926 -0.1290194594012366 -0.1290194594012366 0.0059731338476997076
-0.9645429346085926 -0.7774181465889343 -0.1290194594012366 0.0059731338476997076
-0.9645429346085926 -0.1290194594012366 -0.7774181465889343 0.0059731338476997076
-0.1290194594012366 -0.9645429346085926 -0.1290194594012366 0.0059731338476997076
-0.7774181465889343 -0.9645429346085926 -0.1290194594012366 0.0059731338476997076
-0.1290194594012366 -0.9645429346085926 -0.7774181465889343 0.0059731338476997076
-0.1290194594012366 -0.1290194594012366 -0.9645429346085926 0.0059731338476997076
-0.7774181465889343 -0.1290194594012366 -0.9645429346085926 0.0059731338476997076
-0.1290194594012366 -0.7774181465889343 -0.9645429346085926 0.0059731338476997076
0.08977306459512069 -0.8930548127162962 -0.8930548127162962 0.007487064811179139
-0.8930548127162962 0.08977306459512069 -0.8930548127162962 0.007487064811179139
-0.8930548127162962 -0.8930548127162962 0.08977306459512069 0.007487064811179139
-0.30366343916252836 -0.8930548127162962 -0.8930548127162962 0.007487064811179139
-0.30366343916252836 0.08977306459512069 -0.8930548127162962 0.007487064811179139
-0.30366343916252836 -0.8930548127162962 0.08977306459512069 0.007487064811179139
-0.8930548127162962 -0.30366343916252836 -0.8930548127162962 0.007487064811179139
0.08977306459512069 -0.30366343916252836 -0.8930548127162962 0.007487064811179139
-0.8930548127162962 -0.30366343916252836 0.08977306459512069 0.007487064811179139
-0.8930548127162962 -0.8930548127162962 -0.30366343916252836 0.007487064811179139
0.08977306459512069 -0.8930548127162962 -0.30366343916252836 0.007487064811179139
-0.8930548127162962 0.08977306459512069 -0.30366343916252836 0.007487064811179139
0.5389407558810813 -0.77893821208398 -0.77893821208398 0.0023596049143963867
-0.77893821208398 0.5389407558810813 -0.77893821208398 0.0023596049143963867
-0.77893821208398 -0.77893821208398 0.5389407558810813 0.0023596049143963867
-0.9810643317131212 -0.77893821208398 -0.77893821208398 0.0023596049143963867
-0.9810643317131212 0.5389407558810813 -0.77893821208398 0.0023596049143963867
-0.9810643317131212 -0.77893821208398 0.5389407558810813 0.0023596049143963867
-0.77893821208398 -0.9810643317131212 -0.77893821208398 0.0023596049143963867
0.5389407558810813 -0.9810643317131212 -0.77893821208398 0.0023596049143963867
-0.77893821208398 -0.9810643317131212 0.5389407558810813 0.0023596049143963867
-0.77893821208398 -0.77893821208398 -0.9810643317131212 0.0023596049143963867
0.5389407558810813 -0.77893821208398 -0.9810643317131212 0.0023596049143963867
-0.77893821208398 0.5389407558810813 -0.9810643317131212 0.0023596049143963867
0.2061872881541973 -0.9179065897001785 -0.2929385472849816 0.0015081844389160295
0.2061872881541973 -0.2929385472849816 -0.9179065897001785 0.0015081844389160295
-0.9179065897001785 0.2061872881541973 -0.2929385472849816 0.0015081844389160295
-0.2929385472849816 0.2061872881541973 -0.9179065897001785 0.0015081844389160295
-0.9179065897001785 -0.2929385472849816 0.2061872881541973 0.0015081844389160295
-0.2929385472849816 -0.9179065897001785 0.2061872881541973 0.0015081844389160295
-0.9953421511690372 -0.9179065897001785 -0.2929385472849816 0.0015081844389160295
-0.9953421511690372 -0.2929385472849816 -0.9179065897001785 0.0015081844389160295
-0.9953421511690372 0.2061872881541973 -0.2929385472849816 0.0015081844389160295
-0.9953421511690372 0.2061872881541973 -0.9179065897001785 0.0015081844389160295
-0.9953421511690372 -0.2929385472849816 0.2061872881541973 0.0015081844389160295
-0.9953421511690372 -0.9179065897001785 0.2061872881541973 0.0015081844389160295
-0.9179065897001785 -0.9953421511690372 -0.2929385472849816 0.0015081844389160295
-0.2929385472849816 -0.9953421511690372 -0.9179065897001785 0.0015081844389160295
0.2061872881541973 -0.9953421511690372 -0.2929385472849816 0.0015081844389160295
0.2061872881541973 -0.9953421511690372 -0.9179065897001785 0.0015081844389160295
-0.2929385472849816 -0.9953421511690372 0.2061872881541973 0.0015081844389160295
-0.9179065897001785 -0.9953421511690372 0.2061872881541973 0.0015081844389160295
-0.9179065897001785 -0.2929385472849816 -0.9953421511690372 0.0015081844389160295
-0.2929385472849816 -0.9179065897001785 -0.9953421511690372 0.0015081844389160295
0.2061872881541973 -0.2929385472849816 -0.9953421511690372 0.0015081844389160295
0.2061872881541973 -0.9179065897001785 -0.9953421511690372 0.0015081844389160295
-0.2929385472849816 0.2061872881541973 -0.9953421511690372 0.0015081844389160295
-0.9179065897001785 0.2061872881541973 -0.9953421511690372 0.0015081844389160295
-0.9412136133416583 -0.8159666534460949 -0.9773489434606097 0.0011206657876769984
-0.9412136133416583 -0.9773489434606097 -0.8159666534460949 0.0011206657876769984
-0.8159666534460949 -0.9412136133416583 -0.9773489434606097 0.0011206657876769984
-0.9773489434606097 -0.9412136133416583 -0.8159666534460949 0.0011206657876769984
-0.8159666534460949 -0.9773489434606097 -0.9412136133416583 0.0011206657876769984
-0.9773489434606097 -0.8159666534460949 -0.9412136133416583 0.0011206657876769984
0.7345292102483629 -0.8159666534460949 -0.9773489434606097 0.0011206657876769984
0.7345292102483629 -0.9773489434606097 -0.8159666534460949 0.0011206657876769984
0.7345292102483629 -0.9412136133416583 -0.9773489434606097 0.0011206657876769984
0.7345292102483629 -0.9412136133416583 -0.8159666534460949 0.0011206657876769984
0.7345292102483629 -0.9773489434606097 -0.9412136133416583 0.0011206657876769984
0.7345292102483629 -0.8159666534460949 -0.9412136133416583 0.0011206657876769984
-0.8159666534460949 0.7345292102483629 -0.9773489434606097 0.0011206657876769984
-0.9773489434606097 0.7345292102483629 -0.8159666534460949 0.0011206657876769984
-0.9412136133416583 0.7345292102483629 -0.9773489434606097 0.0011206657876769984
-0.9412136133416583 0.7345292102483629 -0.8159666534460949 0.0011206657876769984
-0.9773489434606097 0.7345292102483629 -0.9412136133416583 0.0011206657876769984
-0.8159666534460949 0.7345292102483629 -0.9412136133416583 0.0011206657876769984
-0.8159666534460949 -0.9773489434606097 0.7345292102483629 0.0011206657876769984
-0.9773489434606097 -0.8159666534460949 0.7345292102483629 0.0011206657876769984
-0.9412136133416583 -0.9773489434606097 0.7345292102483629 0.0011206657876769984
-0.9412136133416583 -0.8159666534460949 0.7345292102483629 0.0011206657876769984
-0.9773489434606097 -0.9412136133416583 0.7345292102483629 0.0011206657876769984
-0.8159666534460949 -0.9412136133416583 0.7345292102483629 0.0011206657876769984
0.4155629746311942 -0.8635474426399989 -0.5960284071084285 0.004015958143203579
0.4155629746311942 -0.5960284071084285 -0.8635474426399989 0.004015958143203579
-0.8635474426399989 0.4155629746311942 -0.5960284071084285 0.004015958143203579
-0.5960284071084285 0.4155629746311942 -0.8635474426399989 0.004015958143203579
-0.8635474426399989 -0.5960284071084285 0.4155629746311942 0.004015958143203579
-0.5960284071084285 -0.8635474426399989 0.4155629746311942 0.004015958143203579
-0.9559871248827667 -0.8635474426399989 -0.5960284071084285 0.004015958143203579
-0.9559871248827667 -0.5960284071084285 -0.8635474426399989 0.004015958143203579
-0.9559871248827667 0.4155629746311942 -0.5960284071084285 0.004015958143203579
-0.9559871248827667 0.4155629746311942 -0.8635474426399989 0.004015958143203579
-0.9559871248827667 -0.5960284071084285 0.4155629746311942 0.004015958143203579
-0.9559871248827667 -0.8635474426399989 0.4155629746311942 0.004015958143203579
-0.8635474426399989 -0.9559871248827667 -0.5960284071084285 0.004015958143203579
-0.5960284071084285 -0.9559871248827667 -0.8635474426399989 0.004015958143203579
0.4155629746311942 -0.9559871248827667 -0.5960284071084285 0.004015958143203579
0.4155629746311942 -0.9559871248827667 -0.8635474426399989 0.004015958143203579
-0.5960284071084285 -0.9559871248827667 0.4155629746311942 0.004015958143203579
-0.8635474426399989 -0.9559871248827667 0.4155629746311942 0.004015958143203579
-0.8635474426399989 -0.5960284071084285 -0.9559871248827667 0.004015958143203579
-0.5960284071084285 -0.8635474426399989 -0.9559871248827667 0.004015958143203579
0.4155629746311942 -0.5960284071084285 -0.9559871248827667 0.004015958143203579
0.4155629746311942 -0.8635474426399989 -0.9559871248827667 0.004015958143203579
-0.5960284071084285 0.4155629746311942 -0.9559871248827667 0.004015958143203579
-0.8635474426399989 0.4155629746311942 -0.9559871248827667 0.004015958143203579
-0.7408380804650933 -0.6219968887227647 0.22668430961184516 0.006779239103363558
-0.7408380804650933 0.22668430961184516 -0.6219968887227647 0.006779239103363558
-0.6219968887227647 -0.7408380804650933 0.22668430961184516 0.006779239103363558
0.22668430961184516 -0.7408380804650933 -0.6219968887227647 0.006779239103363558
-0.6219968887227647 0.22668430961184516 -0.7408380804650933 0.006779239103363558
0.22668430961184516 -0.6219968887227647 -0.7408380804650933 0.006779239103363558
-0.8638493404239873 -0.6219968887227647 0.22668430961184516 0.006779239103363558
-0.8638493404239873 0.22668430961184516 -0.6219968887227647 0.006779239103363558
-0.8638493404239873 -0.7408380804650933 0.22668430961184516 0.006779239103363558
-0.8638493404239873 -0.7408380804650933 -0.6219968887227647 0.006779239103363558
-0.8638493404239873 0.22668430961184516 -0.7408380804650933 0.006779239103363558
-0.8638493404239873 -0.6219968887227647 -0.7408380804650933 0.006779239103363558
-0.6219968887227647 -0.8638493404239873 0.22668430961184516 0.006779239103363558
0.22668430961184516 -0.8638493404239873 -0.6219968887227647 0.006779239103363558
-0.7408380804650933 -0.8638493404239873 0.22668430961184516 0.006779239103363558
-0.7408380804650933 -0.8638493404239873 -0.6219968887227647 0.006779239103363558
0.22668430961184516 -0.8638493404239873 -0.7408380804650933 0.006779239103363558
-0.6219968887227647 -0.8638493404239873 -0.7408380804650933 0.006779239103363558
-0.6219968887227647 0.22668430961184516 -0.8638493404239873 0.006779239103363558
0.22668430961184516 -0.6219968887227647 -0.8638493404239873 0.006779239103363558
-0.7408380804650933 0.22668430961184516 -0.8638493404239873 0.006779239103363558
-0.7408380804650933 -0.6219968887227647 -0.8638493404239873 0.006779239103363558
0.22668430961184516 -0.7408380804650933 -0.8638493404239873 0.006779239103363558
-0.6219968887227647 -0.7408380804650933 -0.8638493404239873 0.006779239103363558
-0.06093339926746488 -0.3890400672187977 -0.6950562199811204 0.009519178304005328
-0.06093339926746488 -0.6950562199811204 -0.3890400672187977 0.009519178304005328
-0.3890400672187977 -0.06093339926746488 -0.6950562199811204 0.009519178304005328
-0.6950562199811204 -0.06093339926746488 -0.3890400672187977 0.009519178304005328
-0.3890400672187977 -0.6950562199811204 -0.06093339926746488 0.009519178304005328
-0.6950562199811204 -0.3890400672187977 -0.06093339926746488 0.009519178304005328
-0.854970313532617 -0.3890400672187977 -0.6950562199811204 0.009519178304005328
-0.854970313532617 -0.6950562199811204 -0.3890400672187977 0.009519178304005328
-0.854970313532617 -0.06093339926746488 -0.6950562199811204 0.009519178304005328
-0.854970313532617 -0.06093339926746488 -0.3890400672187977 0.009519178304005328
-0.854970313532617 -0.6950562199811204 -0.06093339926746488 0.009519178304005328
-0.854970313532617 -0.3890400672187977 -0.06093339926746488 0.009519178304005328
-0.3890400672187977 -0.854970313532617 -0.6950562199811204 0.009519178304005328
-0.6950562199811204 -0.854970313532617 -0.3890400672187977 0.009519178304005328
-0.06093339926746488 -0.854970313532617 -0.6950562199811204 0.009519178304005328
-0.06093339926746488 -0.854970313532617 -0.3890400672187977 0.009519178304005328
-0.6950562199811204 -0.854970313532617 -0.06093339926746488 0.009519178304005328
-0.3890400672187977 -0.854970313532617 -0.06093339926746488 0.009519178304005328
-0.3890400672187977 -0.6950562199811204 -0.854970313532617 0.009519178304005328
-0.6950562199811204 -0.3890400672187977 -0.854970313532617 0.009519178304005328
-0.06093339926746488 -0.6950562199811204 -0.854970313532617 0.009519178304005328
-0.06093339926746488 -0.3890400672187977 -0.854970313532617 0.009519178304005328
-0.6950562199811204 -0.06093339926746488 -0.854970313532617 0.009519178304005328
-0.3890400672187977 -0.06093339926746488 -0.854970313532617 0.009519178304005328
0.1556692522965506 -0.6981708998349789 -0.4797538330871841 0.004504734090972393
0.1556692522965506 -0.4797538330871841 -0.6981708998349789 0.004504734090972393
-0.6981708998349789 0.1556692522965506 -0.4797538330871841 0.004504734090972393
-0.4797538330871841 0.1556692522965506 -0.6981708998349789 0.004504734090972393
-0.6981708998349789 -0.4797538330871841 0.1556692522965506 0.004504734090972393
-0.4797538330871841 -0.6981708998349789 0.1556692522965506 0.004504734090972393
-0.9777445193743874 -0.6981708998349789 -0.4797538330871841 0.004504734090972393
-0.9777445193743874 -0.4797538330871841 -0.6981708998349789 0.004504734090972393
-0.9777445193743874 0.1556692522965506 -0.4797538330871841 0.004504734090972393
-0.9777445193743874 0.1556692522965506 -0.6981708998349789 0.004504734090972393
-0.9777445193743874 -0.4797538330871841 0.1556692522965506 0.004504734090972393
-0.9777445193743874 -0.6981708998349789 0.1556692522965506 0.004504734090972393
-0.6981708998349789 -0.9777445193743874 -0.4797538330871841 0.004504734090972393
-0.4797538330871841 -0.9777445193743874 -0.6981708998349789 0.004504734090972393
0.1556692522965506 -0.9777445193743874 -0.4797538330871841 0.004504734090972393
0.1556692522965506 -0.9777445193743874 -0.6981708998349789 0.004504734090972393
-0.4797538330871841 -0.9777445193743874 0.1556692522965506 0.004504734090972393
-0.6981708998349789 -0.9777445193743874 0.1556692522965506 0.004504734090972393
-0.6981708998349789 -0.4797538330871841 -0.9777445193743874 0.004504734090972393
-0.4797538330871841 -0.6981708998349789 -0.9777445193743874 0.004504734090972393
0.1556692522965506 -0.4797538330871841 -0.9777445193743874 0.004504734090972393
0.1556692522965506 -0.6981708998349789 -0.9777445193743874 0.004504734090972393
-0.4797538330871841 0.1556692522965506 -0.9777445193743874 0.004504734090972393
-0.6981708998349789 0.1556692522965506 -0.9777445193743874 0.004504734090972393
-0.9783561049263542 -0.32630986829047093 -0.5305479325117817 0.0029355743702686164
-0.9783561049263542 -0.5305479325117817 -0.32630986829047093 0.0029355743702686164
-0.32630986829047093 -0.9783561049263542 -0.5305479325117817 0.0029355743702686164
-0.5305479325117817 -0.9783561049263542 -0.32630986829047093 0.0029355743702686164
-0.32630986829047093 -0.5305479325117817 -0.9783561049263542 0.0029355743702686164
-0.5305479325117817 -0.32630986829047093 -0.9783561049263542 0.0029355743702686164
-0.16478609427139324 -0.32630986829047093 -0.5305479325117817 0.0029355743702686164
-0.16478609427139324 -0.5305479325117817 -0.32630986829047093 0.0029355743702686164
-0.16478609427139324 -0.9783561049263542 -0.5305479325117817 0.0029355743702686164
-0.16478609427139324 -0.9783561049263542 -0.32630986829047093 0.0029355743702686164
-0.16478609427139324 -0.5305479325117817 -0.9783561049263542 0.0029355743702686164
-0.16478609427139324 -0.32630986829047093 -0.9783561049263542 0.0029355743702686164
-0.32630986829047093 -0.16478609427139324 -0.5305479325117817 0.0029355743702686164
-0.5305479325117817 -0.16478609427139324 -0.32630986829047093 0.0029355743702686164
-0.9783561049263542 -0.16478609427139324 -0.5305479325117817 0.0029355743702686164
-0.9783561049263542 -0.16478609427139324 -0.32630986829047093 0.0029355743702686164
-0.5305479325117817 -0.16478609427139324 -0.9783561049263542 0.0029355743702686164
-0.32630986829047093 -0.16478609427139324 -0.9783561049263542 0.0029355743702686164
-0.32630986829047093 -0.5305479325117817 -0.16478609427139324 0.0029355743702686164
-0.5305479325117817 -0.32630986829047093 -0.16478609427139324 0.0029355743702686164
-0.9783561049263542 -0.5305479325117817 -0.16478609427139324 0.0029355743702686164
-0.9783561049263542 -0.32630986829047093 -0.16478609427139324 0.0029355743702686164
-0.5305479325117817 -0.9783561049263542 -0.16478609427139324 0.0029355743702686164
-0.32630986829047093 -0.9783561049263542 -0.16478609427139324 0.0029355743702686164
