-0.1764396582801322 -0.6471206834397356 0.0061599311383632735
-0.17643965828013186 -0.17643965828013217 0.0061599311383632735
-0.647120683439735 -0.17643965828013217 0.0061599311383632735
-0.0488482658017369 -0.9023034683965261 0.004974696440492966
-0.04884826580173646 -0.048848265801736956 0.004974696440492966
-0.9023034683965254 -0.048848265801736956 0.004974696440492966
-0.5405211269455016 -0.7090924092243347 0.007825276681635136
0.2496135361698359 -0.5405211269455017 0.007825276681635136
-0.7090924092243347 0.24961353616983645 0.007825276681635136
0.24961353616983634 -0.7090924092243347 0.007825276681635136
-0.5405211269455014 0.24961353616983645 0.007825276681635136
-0.7090924092243357 -0.5405211269455005 0.007825276681635136
-0.0016403265310442339 -0.9967193469379116 0.0012172314443615654
-0.0016403265310439008 -0.0016403265310441784 0.0012172314443615654
-0.9967193469379125 -0.0016403265310430126 0.0012172314443615654
-0.40750402366225985 -0.40750402366226024 0.011756164667518316
-0.18499195267547996 -0.40750402366226 0.011756164667518316
-0.40750402366226024 -0.18499195267547944 0.011756164667518316
-0.27888384782243225 -0.9351690503164434 0.0053151195441542435
0.21405289813887524 -0.2788838478224323 0.0053151195441542435
-0.9351690503164429 0.2140528981388758 0.0053151195441542435
0.2140528981388758 -0.9351690503164434 0.0053151195441542435
-0.27888384782243286 0.2140528981388758 0.0053151195441542435
-0.9351690503164432 -0.2788838478224317 0.0053151195441542435
-0.8081655446661122 -0.9751741835511234 0.002080771715232726
0.7833397282172363 -0.8081655446661126 0.002080771715232726
-0.9751741835511234 0.7833397282172372 0.002080771715232726
0.7833397282172359 -0.9751741835511234 0.002080771715232726
-0.8081655446661129 0.7833397282172372 0.002080771715232726
-0.9751741835511236 -0.8081655446661126 0.002080771715232726
-0.6203969797778228 -0.7242837642170142 0.007737644491048323
0.3446807439948362 -0.6203969797778224 0.007737644491048323
-0.7242837642170141 0.3446807439948379 0.007737644491048323
0.3446807439948371 -0.7242837642170142 0.007737644491048323
-0.6203969797778235 0.3446807439948379 0.007737644491048323
-0.7242837642170148 -0.6203969797778224 0.007737644491048323
-0.19788309741478965 -0.7293277376928077 0.010872015843170123
-0.07278916489240361 -0.19788309741478877 0.010872015843170123
-0.7293277376928078 -0.07278916489240234 0.010872015843170123
-0.07278916489240261 -0.7293277376928077 0.010872015843170123
-0.19788309741478982 -0.07278916489240234 0.010872015843170123
-0.7293277376928076 -0.19788309741478877 0.010872015843170123
-0.44483493544779584 -0.7129464162150463 0.010266042154026909
0.1577813516628428 -0.4448349354477956 0.010266042154026909
-0.7129464162150465 0.15778135166284313 0.010266042154026909
0.15778135166284218 -0.7129464162150463 0.010266042154026909
-0.4448349354477955 0.15778135166284313 0.010266042154026909
-0.7129464162150474 -0.4448349354477951 0.010266042154026909
-0.2936223902259987 -0.4127552195480027 0.013736977933029968
-0.29362239022599856 -0.2936223902259984 0.013736977933029968
-0.4127552195480031 -0.2936223902259982 0.013736977933029968
-0.3877632466193303 -0.9290968168069713 0.005449770520812968
0.31686006342630196 -0.3877632466193299 0.005449770520812968
-0.9290968168069711 0.3168600634263022 0.005449770520812968
0.31686006342630163 -0.9290968168069713 0.005449770520812968
-0.38776324661933004 0.3168600634263022 0.005449770520812968
-0.9290968168069722 -0.3877632466193295 0.005449770520812968
-0.009788038394460019 -0.9804239232110799 0.003228614487831508
-0.009788038394459964 -0.009788038394460019 0.003228614487831508
-0.9804239232110805 -0.009788038394458853 0.003228614487831508
-0.1634216596531502 -0.9291629337373555 0.006163855655405208
0.09258459339050634 -0.1634216596531506 0.006163855655405208
-0.9291629337373557 0.09258459339050734 0.006163855655405208
0.09258459339050579 -0.9291629337373555 0.006163855655405208
-0.16342165965315006 0.09258459339050618 0.006163855655405208
-0.9291629337373561 -0.16342165965314945 0.006163855655405208
-0.9341803680789302 -0.9341803680789313 0.0021672448585420994
0.8683607361578611 -0.93418036807893 0.0021672448585420994
-0.9341803680789325 0.8683607361578649 0.0021672448585420994
-0.8069801513284949 -0.8884122637484042 0.0043920293217930275
0.6953924150768989 -0.8069801513284958 0.0043920293217930275
-0.8884122637484038 0.6953924150769 0.0043920293217930275
0.6953924150768991 -0.8884122637484042 0.0043920293217930275
-0.8069801513284952 0.6953924150769 0.0043920293217930275
-0.8884122637484047 -0.8069801513284945 0.0043920293217930275
-0.7343205177789414 -0.8720475304203832 0.005414343258378935
0.6063680481993248 -0.7343205177789416 0.005414343258378935
-0.8720475304203825 0.6063680481993248 0.005414343258378935
0.6063680481993245 -0.8720475304203832 0.005414343258378935
-0.7343205177789416 0.6063680481993248 0.005414343258378935
-0.8720475304203832 -0.7343205177789416 0.005414343258378935
-0.8060713404038669 -0.9394748405164584 0.003546501132606
0.7455461809203248 -0.8060713404038673 0.003546501132606
-0.9394748405164577 0.7455461809203259 0.003546501132606
0.7455461809203252 -0.9394748405164584 0.003546501132606
-0.8060713404038675 0.7455461809203259 0.003546501132606
-0.9394748405164584 -0.8060713404038673 0.003546501132606
-0.02687249773862299 -0.946255004522754 0.005433210136590359
-0.026872497738623824 -0.026872497738622325 0.005433210136590359
-0.9462550045227538 -0.026872497738622325 0.005433210136590359
-0.14249249261797442 -0.9707247672820631 0.004238819064171201
0.11321725990003695 -0.14249249261797375 0.004238819064171201
-0.9707247672820629 0.11321725990003806 0.004238819064171201
0.11321725990003656 -0.9707247672820631 0.004238819064171201
-0.14249249261797342 0.11321725990003689 0.004238819064171201
-0.9707247672820631 -0.14249249261797375 0.004238819064171201
-0.8745699032204766 -0.8745699032204768 0.004048658609099306
0.7491398064409529 -0.8745699032204757 0.004048658609099306
-0.8745699032204768 0.7491398064409538 0.004048658609099306
-0.7262931093478344 -0.9727894981412031 0.002764531654799305
0.6990826074890368 -0.7262931093478334 0.002764531654799305
-0.9727894981412029 0.6990826074890379 0.002764531654799305
0.6990826074890366 -0.9727894981412031 0.002764531654799305
-0.726293109347834 0.6990826074890379 0.002764531654799305
-0.9727894981412033 -0.7262931093478334 0.002764531654799305
-0.27287618180149437 -0.9950479187556152 0.001657559204551967
0.2679241005571092 -0.27287618180149414 0.001657559204551967
-0.9950479187556152 0.2679241005571105 0.001657559204551967
0.26792410055710963 -0.9950479187556152 0.001657559204551967
-0.27287618180149426 0.2679241005571105 0.001657559204551967
-0.9950479187556163 -0.2728761818014936 0.001657559204551967
-0.7105128804595562 -0.7105128804595575 0.008490863842128646
0.4210257609191143 -0.7105128804595564 0.008490863842128646
-0.7105128804595575 0.4210257609191152 0.008490863842128646
-0.3277128553447605 -0.7141480532441409 0.011521859940736633
0.04186090858890218 -0.3277128553447603 0.011521859940736633
-0.7141480532441409 0.041860908588901846 0.011521859940736633
0.04186090858890146 -0.7141480532441409 0.011521859940736633
-0.3277128553447609 0.041860908588901846 0.011521859940736633
-0.714148053244142 -0.32771285534476 0.011521859940736633
-0.9732707587834764 -0.9732707587834772 0.0009442042111584144
0.9465415175669532 -0.9732707587834761 0.0009442042111584144
-0.9732707587834772 0.9465415175669547 0.0009442042111584144
-0.811802293100199 -0.9951584445084058 0.0009732813071578694
0.806960737608605 -0.8118022931002 0.0009732813071578694
-0.9951584445084056 0.8069607376086059 0.0009732813071578694
0.806960737608605 -0.9951584445084058 0.0009732813071578694
-0.8118022931001995 0.8069607376086059 0.0009732813071578694
-0.9951584445084054 -0.8118022931001989 0.0009732813071578694
-0.5145788266601994 -0.609699320020973 0.012122341208993345
0.12427814668117276 -0.5145788266601994 0.012122341208993345
-0.6096993200209734 0.1242781466811726 0.012122341208993345
0.1242781466811726 -0.609699320020973 0.012122341208993345
-0.5145788266601989 0.1242781466811726 0.012122341208993345
-0.6096993200209738 -0.5145788266601983 0.012122341208993345
-0.14952311433788484 -0.8718897963566858 0.007918320706002645
0.021412910694570075 -0.14952311433788407 0.007918320706002645
-0.8718897963566865 0.021412910694571186 0.007918320706002645
0.021412910694570686 -0.8718897963566858 0.007918320706002645
-0.14952311433788454 0.021412910694571186 0.007918320706002645
-0.8718897963566858 -0.14952311433788407 0.007918320706002645
-0.2714437460516251 -0.9736247775350337 0.003903061122969402
0.2450685235866587 -0.27144374605162536 0.003903061122969402
-0.9736247775350337 0.2450685235866597 0.003903061122969402
0.24506852358665893 -0.9736247775350337 0.003903061122969402
-0.2714437460516258 0.2450685235866597 0.003903061122969402
-0.9736247775350335 -0.27144374605162486 0.003903061122969402
-0.6446725470207266 -0.8762538357859746 0.006351728039156999
0.5209263828067017 -0.6446725470207273 0.006351728039156999
-0.876253835785975 0.5209263828067021 0.006351728039156999
0.5209263828067014 -0.8762538357859746 0.006351728039156999
-0.6446725470207271 0.5209263828067021 0.006351728039156999
-0.8762538357859748 -0.6446725470207262 0.006351728039156999
-0.8823087041015896 -0.9947750553144628 0.0008355379568049608
0.8770837594160519 -0.8823087041015896 0.0008355379568049608
-0.9947750553144603 0.877083759416049 0.0008355379568049608
0.8770837594160523 -0.9947750553144628 0.0008355379568049608
-0.882308704101588 0.877083759416049 0.0008355379568049608
-0.9947750553144632 -0.8823087041015896 0.0008355379568049608
-0.4998007961803416 -0.9316191928798108 0.005607597026007498
0.4314199890601517 -0.4998007961803412 0.005607597026007498
-0.9316191928798099 0.43141998906015194 0.005607597026007498
0.4314199890601514 -0.9316191928798108 0.005607597026007498
-0.49980079618034096 0.43141998906015194 0.005607597026007498
-0.9316191928798103 -0.4998007961803412 0.005607597026007498
-0.9360548269269304 -0.9946983373389051 0.0006148646002482407
0.9307531642658353 -0.9360548269269306 0.0006148646002482407
-0.9946983373389064 0.9307531642658393 0.0006148646002482407
0.9307531642658355 -0.9946983373389051 0.0006148646002482407
-0.9360548269269322 0.9307531642658393 0.0006148646002482407
-0.9946983373389056 -0.9360548269269306 0.0006148646002482407
-0.5165520772846418 -0.9948168618205524 0.001516095749031355
0.5113689391051941 -0.5165520772846423 0.001516095749031355
-0.9948168618205524 0.5113689391051948 0.001516095749031355
0.5113689391051943 -0.9948168618205524 0.001516095749031355
-0.5165520772846424 0.5113689391051948 0.001516095749031355
-0.9948168618205524 -0.5165520772846411 0.001516095749031355
-0.6311905851215968 -0.9714533070180384 0.0032571203743828395
0.6026438921396353 -0.6311905851215968 0.0032571203743828395
-0.9714533070180391 0.6026438921396362 0.0032571203743828395
0.6026438921396353 -0.9714533070180384 0.0032571203743828395
-0.6311905851215965 0.6026438921396351 0.0032571203743828395
-0.9714533070180391 -0.6311905851215955 0.0032571203743828395
-0.8774872219694565 -0.9722871846291308 0.002003163030263388
0.8497744065985875 -0.8774872219694565 0.002003163030263388
-0.9722871846291328 0.8497744065985919 0.002003163030263388
0.8497744065985875 -0.9722871846291308 0.002003163030263388
-0.877487221969458 0.8497744065985919 0.002003163030263388
-0.9722871846291312 -0.8774872219694554 0.002003163030263388
-0.9734857166154556 -0.9950123474680046 0.00037940701844219407
0.9684980640834602 -0.973485716615456 0.00037940701844219407
-0.9950123474680044 0.968498064083462 0.00037940701844219407
0.9684980640834604 -0.9950123474680046 0.00037940701844219407
-0.9734857166154567 0.968498064083462 0.00037940701844219407
-0.995012347468005 -0.973485716615456 0.00037940701844219407
-0.9948701172599588 -0.9948701172599603 0.00017146515335976481
0.9897402345199187 -0.9948701172599592 0.00017146515335976481
-0.9948701172599592 0.9897402345199184 0.00017146515335976481
-0.6244555144428423 -0.6244555144428435 0.010670550684792382
0.24891102888568623 -0.6244555144428423 0.010670550684792382
-0.6244555144428435 0.2489110288856871 0.010670550684792382
-0.7240537198370898 -0.7991181378832565 0.007845187437652869
0.5231718577203457 -0.7240537198370891 0.007845187437652869
-0.7991181378832559 0.5231718577203457 0.007845187437652869
0.5231718577203452 -0.7991181378832565 0.007845187437652869
-0.7240537198370894 0.5231718577203457 0.007845187437652869
-0.7991181378832564 -0.7240537198370891 0.007845187437652869
-0.9335886401453775 -0.9726051152945532 0.0014705288981422299
0.90619375543993 -0.9335886401453779 0.0014705288981422299
-0.9726051152945552 0.906193755439936 0.0014705288981422299
0.9061937554399309 -0.9726051152945532 0.0014705288981422299
-0.9335886401453801 0.906193755439936 0.0014705288981422299
-0.9726051152945536 -0.9335886401453768 0.0014705288981422299
-0.23487138242612926 -0.5302572351477415 0.013899361738113132
-0.2348713824261286 -0.23487138242612876 0.013899361738113132
-0.5302572351477417 -0.2348713824261285 0.013899361738113132
-0.6110676064377867 -0.9317136082209123 0.005255500196533177
0.5427812146586986 -0.6110676064377869 0.005255500196533177
-0.9317136082209116 0.5427812146586994 0.005255500196533177
0.5427812146586992 -0.9317136082209123 0.005255500196533177
-0.6110676064377867 0.5427812146586994 0.005255500196533177
-0.9317136082209125 -0.6110676064377869 0.005255500196533177
-0.521034729829591 -0.972390749410718 0.003683267838055823
0.49342547924030816 -0.5210347298295903 0.003683267838055823
-0.9723907494107171 0.4934254792403084 0.003683267838055823
0.49342547924030905 -0.972390749410718 0.003683267838055823
-0.5210347298295902 0.4934254792403084 0.003683267838055823
-0.9723907494107178 -0.5210347298295903 0.003683267838055823
-0.2708915444473186 -0.6270055714008893 0.01185006554534758
-0.10210288415179183 -0.2708915444473182 0.01185006554534758
-0.6270055714008903 -0.10210288415179133 0.01185006554534758
-0.10210288415179189 -0.6270055714008893 0.01185006554534758
-0.2708915444473183 -0.10210288415179133 0.01185006554534758
-0.62700557140089 -0.2708915444473181 0.01185006554534758
-0.7252871952676003 -0.994916481270633 0.0012246776816285789
0.7202036765382334 -0.7252871952676008 0.0012246776816285789
-0.9949164812706328 0.7202036765382338 0.0012246776816285789
0.7202036765382336 -0.994916481270633 0.0012246776816285789
-0.7252871952676008 0.7202036765382338 0.0012246776816285789
-0.994916481270633 -0.7252871952675997 0.0012246776816285789
-0.5355359253622192 -0.8739301325906377 0.007649926896957724
0.4094660579528577 -0.5355359253622192 0.007649926896957724
-0.8739301325906379 0.409466057952858 0.007649926896957724
0.4094660579528568 -0.8739301325906377 0.007649926896957724
-0.535535925362219 0.409466057952858 0.007649926896957724
-0.8739301325906383 -0.5355359253622192 0.007649926896957724
-0.4146772098555061 -0.8722461748412678 0.00825660644441252
0.2869233846967741 -0.4146772098555061 0.00825660644441252
-0.8722461748412684 0.28692338469677486 0.00825660644441252
0.28692338469677386 -0.8722461748412678 0.00825660644441252
-0.4146772098555064 0.28692338469677486 0.00825660644441252
-0.8722461748412682 -0.41467720985550577 0.00825660644441252
-0.3647037672036864 -0.5160943096490491 0.01338406408348246
-0.11920192314726386 -0.36470376720368625 0.01338406408348246
-0.5160943096490502 -0.11920192314726274 0.01338406408348246
-0.11920192314726341 -0.5160943096490491 0.01338406408348246
-0.3647037672036863 -0.11920192314726391 0.01338406408348246
-0.5160943096490499 -0.3647037672036861 0.01338406408348246
-0.3993968067684431 -0.9708014574820478 0.004094565894785958
0.3701982642504907 -0.39939680676844336 0.004094565894785958
-0.9708014574820476 0.37019826425049146 0.004094565894785958
0.3701982642504909 -0.9708014574820478 0.004094565894785958
-0.3993968067684437 0.37019826425049146 0.004094565894785958
-0.9708014574820476 -0.3993968067684427 0.004094565894785958
-0.39887729256637816 -0.9943637708061477 0.00175603135833018
0.393241063372526 -0.398877292566378 0.00175603135833018
-0.9943637708061481 0.39324106337252646 0.00175603135833018
0.3932410633725258 -0.9943637708061477 0.00175603135833018
-0.3988772925663782 0.39324106337252646 0.00175603135833018
-0.9943637708061484 -0.39887729256637733 0.00175603135833018
-0.8789520412025373 -0.9317310008812412 0.003155570237091763
0.8106830420837776 -0.8789520412025373 0.003155570237091763
-0.931731000881241 0.8106830420837796 0.003155570237091763
0.8106830420837787 -0.9317310008812412 0.003155570237091763
-0.8789520412025373 0.8106830420837785 0.003155570237091763
-0.9317310008812412 -0.8789520412025373 0.003155570237091763
-0.3984281615322211 -0.6132890454471638 0.012614871821976808
0.011717206979384442 -0.39842816153222094 0.012614871821976808
-0.6132890454471638 0.011717206979385497 0.012614871821976808
0.011717206979384887 -0.6132890454471638 0.012614871821976808
-0.3984281615322217 0.011717206979385497 0.012614871821976808
-0.6132890454471636 -0.39842816153222094 0.012614871821976808
-0.6208985920446297 -0.8052740604996985 0.008545279642106334
0.42617265254432796 -0.6208985920446297 0.008545279642106334
-0.8052740604996982 0.4261726525443283 0.008545279642106334
0.4261726525443283 -0.8052740604996985 0.008545279642106334
-0.6208985920446295 0.4261726525443283 0.008545279642106334
-0.8052740604996987 -0.6208985920446286 0.008545279642106334
-0.1397201932757025 -0.994423395189777 0.0019396746924785237
0.1341435884654792 -0.13972019327570223 0.0019396746924785237
-0.9944233951897772 0.13414358846548036 0.0019396746924785237
0.13414358846547947 -0.994423395189777 0.0019396746924785237
-0.13972019327570157 0.1341435884654792 0.0019396746924785237
-0.9944233951897774 -0.1397201932757011 0.0019396746924785237
-0.6259628555646708 -0.9944880751070324 0.0014760365409157289
0.6204509306717032 -0.6259628555646704 0.0014760365409157289
-0.9944880751070331 0.6204509306717041 0.0014760365409157289
0.6204509306717032 -0.9944880751070324 0.0014760365409157289
-0.625962855564671 0.6204509306717041 0.0014760365409157289
-0.9944880751070329 -0.6259628555646704 0.0014760365409157289
-0.24162095498198458 -0.8043457856822648 0.010523762720255037
0.045966740664249495 -0.2416209549819849 0.010523762720255037
-0.8043457856822653 0.045966740664250605 0.010523762720255037
0.045966740664249384 -0.8043457856822648 0.010523762720255037
-0.24162095498198527 0.045966740664250605 0.010523762720255037
-0.8043457856822647 -0.24162095498198444 0.010523762720255037
-0.37406604603568183 -0.8008526287262583 0.010600543949996506
0.17491867476193973 -0.3740660460356814 0.010600543949996506
-0.8008526287262581 0.17491867476194028 0.010600543949996506
0.17491867476194017 -0.8008526287262583 0.010600543949996506
-0.3740660460356811 0.17491867476194028 0.010600543949996506
-0.8008526287262585 -0.3740660460356809 0.010600543949996506
-0.7163910259654218 -0.9317712966674703 0.004911602020558339
0.6481623226328921 -0.716391025965422 0.004911602020558339
-0.9317712966674707 0.6481623226328936 0.004911602020558339
0.6481623226328921 -0.9317712966674703 0.004911602020558339
-0.7163910259654227 0.6481623226328936 0.004911602020558339
-0.9317712966674705 -0.7163910259654209 0.004911602020558339
-0.09421547830809765 -0.8115690433838045 0.010665610840802028
-0.0942154783080984 -0.09421547830809712 0.010665610840802028
-0.8115690433838044 -0.09421547830809712 0.010665610840802028
-0.5036370799688231 -0.7990051134541436 0.010111220790315371
0.3026421934229668 -0.5036370799688235 0.010111220790315371
-0.7990051134541434 0.302642193422967 0.010111220790315371
0.3026421934229668 -0.7990051134541436 0.010111220790315371
-0.5036370799688235 0.302642193422967 0.010111220790315371
-0.7990051134541438 -0.5036370799688222 0.010111220790315371
-0.2824043291840026 -0.8766523926068968 0.00886838193826043
0.1590567217908992 -0.2824043291840025 0.00886838193826043
-0.876652392606897 0.15905672179089986 0.00886838193826043
0.1590567217908994 -0.8766523926068968 0.00886838193826043
-0.2824043291840029 0.15905672179089986 0.00886838193826043
-0.876652392606897 -0.282404329184002 0.00886838193826043
-0.8142659075719039 -0.8142659075719043 0.006581412291707991
0.6285318151438077 -0.8142659075719032 0.006581412291707991
-0.8142659075719043 0.6285318151438088 0.006581412291707991
-0.49503013470181906 -0.4950301347018179 0.014628418286240738
-0.00993973059636305 -0.4950301347018179 0.014628418286240738
-0.4950301347018184 -0.00993973059636305 0.014628418286240738
