-0.9970851090752595 -0.997085109075261 0.00010664780466683234
0.9941702181505201 -0.9970851090752599 0.00010664780466683234
-0.9970851090752597 0.9941702181505199 0.00010664780466683234
-0.586336627368196 -0.682264117541906 0.016698438259075875
0.26860074491010305 -0.586336627368196 0.016698438259075875
-0.6822641175419069 0.2686007449101033 0.016698438259075875
0.26860074491010205 -0.682264117541906 0.016698438259075875
-0.586336627368196 0.2686007449101033 0.016698438259075875
-0.6822641175419069 -0.586336627368196 0.016698438259075875
-0.10647714693366564 -0.9704671151382913 0.006081304515546007
0.07694426207195687 -0.1064771469336657 0.006081304515546007
-0.9704671151382904 0.07694426207195693 0.006081304515546007
0.07694426207195676 -0.9704671151382913 0.006081304515546007
-0.10647714693366542 0.07694426207195693 0.006081304515546007
-0.9704671151382911 -0.1064771469336657 0.006081304515546007
-0.0026982128423052587 -0.9946035743153894 0.00282925449532568
-0.0026982128423053697 -0.0026982128423053142 0.00282925449532568
-0.9946035743153898 -0.0026982128423041485 0.00282925449532568
-0.5350675847072432 -0.8971377455195335 0.010572087205064975
0.43220533022677626 -0.5350675847072424 0.010572087205064975
-0.8971377455195335 0.43220533022677704 0.010572087205064975
0.4322053302267767 -0.8971377455195335 0.010572087205064975
-0.5350675847072425 0.43220533022677704 0.010572087205064975
-0.8971377455195337 -0.5350675847072424 0.010572087205064975
-0.7663301465860843 -0.9608805192708154 0.004986539849338145
0.7272106658568993 -0.7663301465860846 0.004986539849338145
-0.9608805192708152 0.7272106658569 0.004986539849338145
0.7272106658568998 -0.9608805192708154 0.004986539849338145
-0.7663301465860841 0.7272106658569 0.004986539849338145
-0.9608805192708152 -0.7663301465860834 0.004986539849338145
-0.3435189083101322 -0.9747628664996855 0.006041162113427266
0.31828177480981795 -0.3435189083101319 0.006041162113427266
-0.9747628664996864 0.31828177480981895 0.006041162113427266
0.31828177480981784 -0.9747628664996855 0.006041162113427266
-0.3435189083101319 0.31828177480981784 0.006041162113427266
-0.9747628664996861 -0.34351890831013154 0.006041162113427266
-0.4812981359937589 -0.9578756866487221 0.007288351153752376
0.4391738226424812 -0.48129813599376026 0.007288351153752376
-0.9578756866487221 0.43917382264248234 0.007288351153752376
0.439173822642481 -0.9578756866487221 0.007288351153752376
-0.48129813599376015 0.43917382264248234 0.007288351153752376
-0.9578756866487224 -0.4812981359937591 0.007288351153752376
-0.6690720035253006 -0.7649129814913046 0.014962179398320364
0.4339849850166044 -0.6690720035253007 0.014962179398320364
-0.764912981491304 0.4339849850166054 0.014962179398320364
0.43398498501660526 -0.7649129814913046 0.014962179398320364
-0.6690720035253008 0.4339849850166054 0.014962179398320364
-0.7649129814913047 -0.6690720035253007 0.014962179398320364
-0.23507018523812487 -0.9414022989190303 0.009136308271144037
0.17647248415715472 -0.23507018523812542 0.009136308271144037
-0.9414022989190294 0.17647248415715505 0.009136308271144037
0.17647248415715516 -0.9414022989190303 0.009136308271144037
-0.2350701852381255 0.17647248415715505 0.009136308271144037
-0.9414022989190296 -0.23507018523812484 0.009136308271144037
-0.2043658547065585 -0.993114356695451 0.0033704072810685818
0.19748021140200994 -0.20436585470655805 0.0033704072810685818
-0.993114356695451 0.19748021140201028 0.0033704072810685818
0.1974802114020095 -0.993114356695451 0.0033704072810685818
-0.2043658547065581 0.19748021140201028 0.0033704072810685818
-0.9931143566954519 -0.20436585470655805 0.0033704072810685818
-0.03766376800832644 -0.924672463983347 0.011160030284826556
-0.037663768008326104 -0.037663768008325826 0.011160030284826556
-0.924672463983347 -0.037663768008325826 0.011160030284826556
-0.3491650607066203 -0.8192594377102713 0.01641841329295864
0.16842449841689072 -0.34916506070661946 0.01641841329295864
-0.8192594377102718 0.16842449841689172 0.01641841329295864
0.16842449841689072 -0.8192594377102713 0.01641841329295864
-0.34916506070661985 0.16842449841689172 0.01641841329295864
-0.8192594377102713 -0.34916506070661923 0.01641841329295864
-0.0954284869767989 -0.8091430260464021 0.01675718140825255
-0.09542848697679879 -0.09542848697679834 0.01675718140825255
-0.8091430260464019 -0.09542848697679834 0.01675718140825255
-0.7733216170247934 -0.898604728146519 0.008931353695239876
0.6719263451713129 -0.7733216170247936 0.008931353695239876
-0.898604728146519 0.671926345171314 0.008931353695239876
0.6719263451713136 -0.898604728146519 0.008931353695239876
-0.7733216170247941 0.671926345171314 0.008931353695239876
-0.898604728146519 -0.7733216170247936 0.008931353695239876
-0.3779167343447167 -0.9041110421688765 0.012405669443045674
0.2820277765135932 -0.3779167343447163 0.012405669443045674
-0.9041110421688767 0.2820277765135935 0.012405669443045674
0.2820277765135933 -0.9041110421688765 0.012405669443045674
-0.37791673434471673 0.2820277765135935 0.012405669443045674
-0.9041110421688769 -0.37791673434471595 0.012405669443045674
-0.4023257292221739 -0.9974466852394401 0.0017777850863038562
0.3997724144616141 -0.402325729222174 0.0017777850863038562
-0.9974466852394406 0.3997724144616152 0.0017777850863038562
0.3997724144616141 -0.9974466852394401 0.0017777850863038562
-0.4023257292221746 0.3997724144616152 0.0017777850863038562
-0.9974466852394404 -0.4023257292221733 0.0017777850863038562
-0.24734248390416186 -0.5053150321916761 0.025322589120972107
-0.24734248390416214 -0.2473424839041617 0.025322589120972107
-0.5053150321916762 -0.2473424839041617 0.025322589120972107
-0.6957754381124326 -0.9914748731697767 0.002970458658370334
0.6872503112822093 -0.6957754381124324 0.002970458658370334
-0.9914748731697771 0.6872503112822104 0.002970458658370334
0.6872503112822095 -0.9914748731697767 0.002970458658370334
-0.6957754381124331 0.6872503112822104 0.002970458658370334
-0.9914748731697767 -0.6957754381124324 0.002970458658370334
-0.8226765899321771 -0.9922949760225619 0.002225412691181278
0.8149715659547387 -0.8226765899321773 0.002225412691181278
-0.9922949760225621 0.8149715659547403 0.002225412691181278
0.814971565954739 -0.9922949760225619 0.002225412691181278
-0.8226765899321768 0.8149715659547392 0.002225412691181278
-0.9922949760225628 -0.8226765899321762 0.002225412691181278
-0.4339634403008532 -0.4339634403008535 0.025765466354350782
-0.13207311939829333 -0.43396344030085326 0.025765466354350782
-0.4339634403008536 -0.13207311939829272 0.025765466354350782
-0.36169483881387876 -0.5961997027350465 0.0239467182049656
-0.04210545845107461 -0.3616948388138787 0.0239467182049656
-0.5961997027350472 -0.042105458451073496 0.0239467182049656
-0.04210545845107477 -0.5961997027350465 0.0239467182049656
-0.3616948388138792 -0.042105458451073496 0.0239467182049656
-0.5961997027350467 -0.3616948388138785 0.0239467182049656
-0.17264043134917315 -0.6547191373016537 0.0217609320538685
-0.1726404313491737 -0.17264043134917256 0.0217609320538685
-0.6547191373016537 -0.17264043134917256 0.0217609320538685
-0.6664886128357332 -0.8645792135574615 0.011764632125639702
0.5310678263931945 -0.6664886128357328 0.011764632125639702
-0.8645792135574615 0.5310678263931954 0.011764632125639702
0.5310678263931947 -0.8645792135574615 0.011764632125639702
-0.6664886128357332 0.5310678263931954 0.011764632125639702
-0.8645792135574626 -0.6664886128357328 0.011764632125639702
-0.9394616179191109 -0.939461617919112 0.003718556506387782
0.8789232358382224 -0.9394616179191109 0.003718556506387782
-0.9394616179191142 0.8789232358382286 0.003718556506387782
-0.9743796070397759 -0.9743796070397763 0.0016034821033461496
0.9487592140795522 -0.9743796070397763 0.0016034821033461496
-0.9743796070397741 0.9487592140795482 0.0016034821033461496
-0.5157241519611345 -0.808855165778691 0.01689748694390222
0.32457931773982535 -0.5157241519611347 0.01689748694390222
-0.8088551657786909 0.3245793177398257 0.01689748694390222
0.32457931773982557 -0.808855165778691 0.01689748694390222
-0.5157241519611337 0.3245793177398257 0.01689748694390222
-0.8088551657786911 -0.5157241519611335 0.01689748694390222
-0.44027650400434026 -0.6992582708530835 0.02042291183273221
0.13953477485742416 -0.4402765040043404 0.02042291183273221
-0.6992582708530835 0.13953477485742494 0.02042291183273221
0.13953477485742372 -0.6992582708530835 0.02042291183273221
-0.44027650400434043 0.13953477485742494 0.02042291183273221
-0.6992582708530839 -0.44027650400434004 0.02042291183273221
-0.865203199585487 -0.9513002986308259 0.004979918306433063
0.8165034982163129 -0.8652031995854874 0.004979918306433063
-0.9513002986308259 0.8165034982163133 0.004979918306433063
0.8165034982163131 -0.9513002986308259 0.004979918306433063
-0.8652031995854867 0.8165034982163133 0.004979918306433063
-0.9513002986308259 -0.8652031995854863 0.004979918306433063
-0.2566240666131595 -0.7412242652661529 0.019777011310044623
-0.0021516681206874 -0.2566240666131592 0.019777011310044623
-0.7412242652661536 -0.002151668120686734 0.019777011310044623
-0.002151668120687511 -0.7412242652661529 0.019777011310044623
-0.2566240666131596 -0.002151668120686734 0.019777011310044623
-0.7412242652661536 -0.25662406661315873 0.019777011310044623
-0.18874370186823408 -0.8735451590869978 0.014818226285873062
0.06228886095523195 -0.18874370186823375 0.014818226285873062
-0.8735451590869983 0.06228886095523278 0.014818226285873062
0.062288860955231895 -0.8735451590869978 0.014818226285873062
-0.1887437018682344 0.06228886095523278 0.014818226285873062
-0.873545159086998 -0.18874370186823375 0.014818226285873062
-0.3333333333333335 -0.33333333333333304 0.026060141991525183
-0.875978700347471 -0.8759787003474717 0.007952697189850732
0.751957400694943 -0.8759787003474717 0.007952697189850732
-0.8759787003474717 0.7519574006949434 0.007952697189850732
-0.5560396685250375 -0.9894667339584691 0.0038911864819661337
0.5455064024835072 -0.5560396685250385 0.0038911864819661337
-0.9894667339584688 0.5455064024835077 0.0038911864819661337
0.5455064024835066 -0.9894667339584691 0.0038911864819661337
-0.5560396685250373 0.5455064024835066 0.0038911864819661337
-0.9894667339584684 -0.5560396685250373 0.0038911864819661337
-0.6433486359242742 -0.9476822360406976 0.008521673193000335
0.591030871964972 -0.6433486359242737 0.008521673193000335
-0.9476822360406982 0.5910308719649726 0.008521673193000335
0.591030871964972 -0.9476822360406976 0.008521673193000335
-0.6433486359242742 0.5910308719649726 0.008521673193000335
-0.947682236040698 -0.6433486359242737 0.008521673193000335
-0.914755618817181 -0.9888904642591356 0.0021107487392352364
0.9036460830763164 -0.9147556188171806 0.0021107487392352364
-0.9888904642591374 0.9036460830763211 0.0021107487392352364
0.9036460830763169 -0.9888904642591356 0.0021107487392352364
-0.914755618817183 0.9036460830763211 0.0021107487392352364
-0.9888904642591356 -0.9147556188171806 0.0021107487392352364
-0.5414440061438597 -0.5414440061438606 0.025071195451297854
0.08288801228771975 -0.5414440061438593 0.025071195451297854
-0.5414440061438599 0.08288801228771997 0.025071195451297854
-0.7960823461994603 -0.7960823461994615 0.013258798230118302
0.5921646923989212 -0.7960823461994604 0.013258798230118302
-0.7960823461994608 0.5921646923989219 0.013258798230118302
-0.9713113992414386 -0.9987538039593105 0.00034017649548497654
0.97006520320075 -0.9713113992414397 0.00034017649548497654
-0.9987538039593122 0.9700652032007548 0.00034017649548497654
0.9700652032007493 -0.9987538039593105 0.00034017649548497654
-0.9713113992414417 0.9700652032007548 0.00034017649548497654
-0.9987538039593107 -0.9713113992414386 0.00034017649548497654
