-0.9747903923385275 -0.985415140898313 0.0003886128495509226
0.9602055332368411 -0.9747903923385279 0.0003886128495509226
-0.9854151408983127 0.9602055332368409 0.0003886128495509226
0.9602055332368404 -0.985415140898313 0.0003886128495509226
-0.9747903923385273 0.9602055332368409 0.0003886128495509226
-0.9854151408983136 -0.9747903923385266 0.0003886128495509226
-0.9907890467371172 -0.9973000056357795 0.0001187329605956666
0.9880890523728973 -0.9907890467371183 0.0001187329605956666
-0.9973000056357761 0.988089052372892 0.0001187329605956666
0.9880890523728969 -0.9973000056357795 0.0001187329605956666
-0.9907890467371148 0.988089052372892 0.0001187329605956666
-0.9973000056357793 -0.9907890467371172 0.0001187329605956666
-0.8641070067921774 -0.986281648123879 0.0009613774150053269
0.8503886549160573 -0.8641070067921783 0.0009613774150053269
-0.9862816481238803 0.8503886549160609 0.0009613774150053269
0.8503886549160566 -0.986281648123879 0.0009613774150053269
-0.8641070067921794 0.8503886549160609 0.0009613774150053269
-0.9862816481238794 -0.8641070067921772 0.0009613774150053269
-0.8613239912731181 -0.9975404640081298 0.000460249867000449
0.8588644552812483 -0.8613239912731188 0.000460249867000449
-0.9975404640081311 0.858864455281251 0.000460249867000449
0.8588644552812481 -0.9975404640081298 0.000460249867000449
-0.8613239912731192 0.858864455281251 0.000460249867000449
-0.9975404640081311 -0.8613239912731174 0.000460249867000449
-0.0634582802581039 -0.9824397995986107 0.002588925434136286
0.04589807985671518 -0.0634582802581043 0.002588925434136286
-0.9824397995986105 0.04589807985671518 0.002588925434136286
0.04589807985671451 -0.9824397995986107 0.002588925434136286
-0.06345828025810457 0.04589807985671518 0.002588925434136286
-0.9824397995986114 -0.06345828025810313 0.002588925434136286
-0.4990096593295571 -0.9966339472776398 0.0009210417965813727
0.4956436066071966 -0.4990096593295571 0.0009210417965813727
-0.9966339472776395 0.49564360660719703 0.0009210417965813727
0.4956436066071969 -0.9966339472776398 0.0009210417965813727
-0.4990096593295575 0.49564360660719703 0.0009210417965813727
-0.99663394727764 -0.499009659329556 0.0009210417965813727
-0.9641537973203249 -0.9964840548329299 0.00031013801600573233
0.960637852153255 -0.9641537973203258 0.00031013801600573233
-0.9964840548329286 0.9606378521532537 0.00031013801600573233
0.960637852153255 -0.9964840548329299 0.00031013801600573233
-0.9641537973203242 0.9606378521532537 0.00031013801600573233
-0.9964840548329297 -0.9641537973203245 0.00031013801600573233
-0.28108631600989403 -0.9970487726936739 0.0010528640337993515
0.2781350887035681 -0.2810863160098942 0.0010528640337993515
-0.9970487726936745 0.2781350887035691 0.0010528640337993515
0.278135088703568 -0.9970487726936739 0.0010528640337993515
-0.28108631600989453 0.2781350887035691 0.0010528640337993515
-0.9970487726936741 -0.28108631600989376 0.0010528640337993515
-0.5576920304301045 -0.6926737450748149 0.0081552056017544
0.2503657755049204 -0.5576920304301047 0.0081552056017544
-0.6926737450748153 0.25036577550492084 0.0081552056017544
0.2503657755049205 -0.6926737450748149 0.0081552056017544
-0.5576920304301052 0.25036577550492084 0.0081552056017544
-0.6926737450748155 -0.5576920304301047 0.0081552056017544
-0.5220536102426072 -0.5447495677255015 0.005454674311126637
0.06680317796810864 -0.5220536102426072 0.005454674311126637
-0.5447495677255018 0.06680317796811003 0.005454674311126637
0.0668031779681098 -0.5447495677255015 0.005454674311126637
-0.522053610242608 0.06680317796811003 0.005454674311126637
-0.5447495677255013 -0.5220536102426072 0.005454674311126637
-0.7403866933994467 -0.7403866933994464 0.006404834300705151
0.4807733867988932 -0.7403866933994464 0.006404834300705151
-0.740386693399447 0.480773386798894 0.006404834300705151
-0.5469542280376486 -0.7715939244969767 0.007635676720083639
0.3185481525346255 -0.5469542280376489 0.007635676720083639
-0.7715939244969768 0.3185481525346257 0.007635676720083639
0.3185481525346254 -0.7715939244969767 0.007635676720083639
-0.5469542280376488 0.3185481525346257 0.007635676720083639
-0.771593924496977 -0.5469542280376478 0.007635676720083639
-0.5208189519244193 -0.8392498810628974 0.00648717985697732
0.3600688329873169 -0.5208189519244198 0.00648717985697732
-0.8392498810628977 0.36006883298731746 0.00648717985697732
0.3600688329873168 -0.8392498810628974 0.00648717985697732
-0.5208189519244197 0.36006883298731746 0.00648717985697732
-0.8392498810628977 -0.5208189519244187 0.00648717985697732
-0.6434171940148151 -0.9387632726350197 0.0037699314367698176
0.5821804666498356 -0.6434171940148152 0.0037699314367698176
-0.9387632726350199 0.582180466649836 0.0037699314367698176
0.5821804666498349 -0.9387632726350197 0.0037699314367698176
-0.643417194014816 0.582180466649836 0.0037699314367698176
-0.9387632726350204 -0.6434171940148152 0.0037699314367698176
-0.587300668738233 -0.5873006687382339 0.00927469768224396
0.17460133747646805 -0.5873006687382339 0.00927469768224396
-0.5873006687382339 0.17460133747646794 0.00927469768224396
-0.6498308223861197 -0.6498308223861207 0.008174120930974601
0.2996616447722397 -0.6498308223861194 0.008174120930974601
-0.64983082238612 0.29966164477224005 0.008174120930974601
-0.43482662175916514 -0.9461157944371537 0.004361444775213973
0.3809424161963186 -0.4348266217591649 0.004361444775213973
-0.9461157944371537 0.38094241619631947 0.004361444775213973
0.3809424161963189 -0.9461157944371537 0.004361444775213973
-0.4348266217591657 0.38094241619631947 0.004361444775213973
-0.9461157944371537 -0.4348266217591646 0.004361444775213973
-0.7254857794825407 -0.9344055729061347 0.003669162478322091
0.6598913523886756 -0.7254857794825411 0.003669162478322091
-0.9344055729061349 0.6598913523886758 0.003669162478322091
0.6598913523886754 -0.9344055729061347 0.003669162478322091
-0.7254857794825409 0.6598913523886758 0.003669162478322091
-0.9344055729061349 -0.72548577948254 0.003669162478322091
-0.0009908462640808025 -0.9980183074718385 0.0009662270460640532
-0.0009908462640815796 -0.000990846264080747 0.0009662270460640532
-0.9980183074718376 -0.000990846264080747 0.0009662270460640532
-0.7994911695268612 -0.9345457745327017 0.0032546795908654238
0.7340369440595627 -0.7994911695268611 0.0032546795908654238
-0.9345457745327022 0.734036944059564 0.0032546795908654238
0.7340369440595629 -0.9345457745327017 0.0032546795908654238
-0.799491169526861 0.734036944059564 0.0032546795908654238
-0.934545774532703 -0.7994911695268598 0.0032546795908654238
-0.8965850468800693 -0.9696797973722551 0.0016570656423454519
0.8662648442523249 -0.8965850468800693 0.0016570656423454519
-0.9696797973722568 0.8662648442523291 0.0016570656423454519
0.8662648442523246 -0.9696797973722551 0.0016570656423454519
-0.8965850468800716 0.8662648442523291 0.0016570656423454519
-0.9696797973722553 -0.8965850468800693 0.0016570656423454519
-0.4787702897246863 -0.6582306940940452 0.01021498017353539
0.13700098381873105 -0.47877028972468605 0.01021498017353539
-0.6582306940940448 0.13700098381873133 0.01021498017353539
0.13700098381873166 -0.6582306940940452 0.01021498017353539
-0.47877028972468616 0.13700098381873133 0.01021498017353539
-0.658230694094045 -0.47877028972468605 0.01021498017353539
-0.5455713500800852 -0.9426734275916655 0.004478226717783112
0.4882447776717505 -0.545571350080085 0.004478226717783112
-0.9426734275916657 0.4882447776717516 0.004478226717783112
0.48824477767175084 -0.9426734275916655 0.004478226717783112
-0.5455713500800858 0.4882447776717516 0.004478226717783112
-0.9426734275916655 -0.545571350080085 0.004478226717783112
-0.37791902552989787 -0.9746086568680783 0.0032803447288420836
0.3525276823979761 -0.3779190255298981 0.0032803447288420836
-0.9746086568680783 0.35252768239797677 0.0032803447288420836
0.3525276823979761 -0.9746086568680783 0.0032803447288420836
-0.37791902552989837 0.35252768239797677 0.0032803447288420836
-0.9746086568680783 -0.37791902552989753 0.0032803447288420836
-0.8895591618789938 -0.8895591618789944 0.003385220281110487
0.7791183237579882 -0.8895591618789944 0.003385220281110487
-0.8895591618789944 0.7791183237579888 0.003385220281110487
-0.6287522474018941 -0.8241969295022378 0.007343342786355482
0.45294917690413167 -0.6287522474018933 0.007343342786355482
-0.824196929502238 0.4529491769041321 0.007343342786355482
0.4529491769041318 -0.8241969295022378 0.007343342786355482
-0.6287522474018936 0.4529491769041321 0.007343342786355482
-0.8241969295022384 -0.6287522474018933 0.007343342786355482
-0.8682747124783641 -0.9385593076465157 0.002826009883198864
0.8068340201248803 -0.8682747124783645 0.002826009883198864
-0.9385593076465151 0.8068340201248803 0.002826009883198864
0.80683402012488 -0.9385593076465157 0.002826009883198864
-0.8682747124783645 0.8068340201248803 0.002826009883198864
-0.9385593076465157 -0.8682747124783645 0.002826009883198864
-0.3968190598092755 -0.9943708987202469 0.0015288840017241556
0.3911899585295227 -0.39681905980927534 0.0015288840017241556
-0.9943708987202475 0.39118995852952326 0.0015288840017241556
0.3911899585295225 -0.9943708987202469 0.0015288840017241556
-0.3968190598092756 0.39118995852952326 0.0015288840017241556
-0.9943708987202475 -0.3968190598092749 0.0015288840017241556
-0.4149146846915277 -0.8403211672554165 0.007908063252106417
0.2552358519469437 -0.4149146846915273 0.007908063252106417
-0.8403211672554174 0.25523585194694504 0.007908063252106417
0.25523585194694437 -0.8403211672554165 0.007908063252106417
-0.4149146846915275 0.25523585194694504 0.007908063252106417
-0.8403211672554176 -0.4149146846915267 0.007908063252106417
-0.9453950304942302 -0.9733576041944656 0.0012896670899142384
0.9187526346886965 -0.9453950304942307 0.0012896670899142384
-0.9733576041944669 0.9187526346886989 0.0012896670899142384
0.9187526346886961 -0.9733576041944656 0.0012896670899142384
-0.9453950304942313 0.9187526346886989 0.0012896670899142384
-0.9733576041944663 -0.9453950304942296 0.0012896670899142384
-0.401694468326812 -0.4016944683268119 0.01366751075139626
-0.196611063346376 -0.4016944683268119 0.01366751075139626
-0.4016944683268121 -0.19661106334637568 0.01366751075139626
-0.2568561588449116 -0.9807956279637688 0.003109513805076152
0.23765178680868076 -0.2568561588449115 0.003109513805076152
-0.9807956279637693 0.23765178680868088 0.003109513805076152
0.23765178680868043 -0.9807956279637688 0.003109513805076152
-0.2568561588449114 0.23765178680868088 0.003109513805076152
-0.9807956279637695 -0.25685615884491086 0.003109513805076152
-0.5979853920126256 -0.9949951252295348 0.001252959584962452
0.5929805172421607 -0.5979853920126256 0.001252959584962452
-0.9949951252295348 0.5929805172421616 0.001252959584962452
0.5929805172421605 -0.9949951252295348 0.001252959584962452
-0.5979853920126257 0.5929805172421616 0.001252959584962452
-0.9949951252295353 -0.5979853920126256 0.001252959584962452
-0.4136337412554676 -0.5965383438680067 0.011983611500347748
0.010172085123474506 -0.4136337412554669 0.011983611500347748
-0.5965383438680073 0.010172085123475061 0.011983611500347748
0.010172085123474395 -0.5965383438680067 0.011983611500347748
-0.4136337412554675 0.010172085123475061 0.011983611500347748
-0.5965383438680075 -0.4136337412554668 0.011983611500347748
-0.5333362177927543 -0.8946446353987032 0.006116835629128027
0.42798085319145746 -0.533336217792755 0.006116835629128027
-0.894644635398703 0.42798085319145823 0.006116835629128027
0.4279808531914577 -0.8946446353987032 0.006116835629128027
-0.5333362177927551 0.42798085319145823 0.006116835629128027
-0.8946446353987025 -0.533336217792755 0.006116835629128027
-0.6414017162059917 -0.8884617077784625 0.005992815808306265
0.5298634239844549 -0.6414017162059917 0.005992815808306265
-0.888461707778462 0.5298634239844542 0.005992815808306265
0.5298634239844542 -0.8884617077784625 0.005992815808306265
-0.6414017162059911 0.5298634239844542 0.005992815808306265
-0.8884617077784636 -0.6414017162059906 0.005992815808306265
-0.26603544548708336 -0.4679291090258333 0.013785009597173915
-0.26603544548708336 -0.26603544548708324 0.013785009597173915
-0.4679291090258334 -0.26603544548708313 0.013785009597173915
-0.4131293377418144 -0.9035265973815652 0.006466747166634457
0.3166559351233799 -0.4131293377418139 0.006466747166634457
-0.903526597381566 0.31665593512338003 0.006466747166634457
0.3166559351233797 -0.9035265973815652 0.006466747166634457
-0.413129337741814 0.31665593512338003 0.006466747166634457
-0.9035265973815663 -0.4131293377418135 0.006466747166634457
-0.3403188074487613 -0.5326048328937553 0.013292728729959982
-0.12707635965748235 -0.34031880744876125 0.013292728729959982
-0.5326048328937558 -0.1270763596574825 0.013292728729959982
-0.12707635965748332 -0.5326048328937553 0.013292728729959982
-0.34031880744876153 -0.1270763596574825 0.013292728729959982
-0.5326048328937564 -0.34031880744876114 0.013292728729959982
-0.7236486127769451 -0.8146756987824477 0.006389809865817732
0.5383243115593928 -0.7236486127769453 0.006389809865817732
-0.8146756987824477 0.538324311559393 0.006389809865817732
0.538324311559393 -0.8146756987824477 0.006389809865817732
-0.7236486127769446 0.538324311559393 0.006389809865817732
-0.8146756987824479 -0.7236486127769441 0.006389809865817732
-0.28297426844779733 -0.6530904637938553 0.012323983365955481
-0.06393526775834718 -0.2829742684477976 0.012323983365955481
-0.6530904637938559 -0.06393526775834601 0.012323983365955481
-0.06393526775834729 -0.6530904637938553 0.012323983365955481
-0.28297426844779794 -0.06393526775834601 0.012323983365955481
-0.6530904637938554 -0.2829742684477973 0.012323983365955481
-0.15932443306690272 -0.9642982127068345 0.004367635462579507
0.12362264577373716 -0.15932443306690233 0.004367635462579507
-0.9642982127068349 0.1236226457737381 0.004367635462579507
0.12362264577373733 -0.9642982127068345 0.004367635462579507
-0.15932443306690247 0.123622645773737 0.004367635462579507
-0.9642982127068347 -0.15932443306690233 0.004367635462579507
-0.44189773399303905 -0.7601066150083058 0.009676457507194513
0.20200434900134429 -0.44189773399303856 0.009676457507194513
-0.7601066150083053 0.20200434900134473 0.009676457507194513
0.20200434900134495 -0.7601066150083058 0.009676457507194513
-0.44189773399303833 0.20200434900134473 0.009676457507194513
-0.7601066150083059 -0.4418977339930382 0.009676457507194513
-0.8130746555012576 -0.9720307654964786 0.0023418870390162255
0.785105420997736 -0.8130746555012576 0.0023418870390162255
-0.9720307654964784 0.7851054209977375 0.0023418870390162255
0.7851054209977364 -0.9720307654964786 0.0023418870390162255
-0.8130746555012582 0.7851054209977375 0.0023418870390162255
-0.9720307654964782 -0.8130746555012576 0.0023418870390162255
-0.2251820246219605 -0.761284471369845 0.01081499371287968
-0.013533504008194919 -0.22518202462196005 0.01081499371287968
-0.7612844713698448 -0.013533504008194364 0.01081499371287968
-0.013533504008194475 -0.761284471369845 0.01081499371287968
-0.2251820246219608 -0.013533504008194364 0.01081499371287968
-0.7612844713698451 -0.2251820246219597 0.01081499371287968
-0.18563060867695955 -0.8528306900292768 0.00906677824749806
0.03846129870623566 -0.18563060867695935 0.00906677824749806
-0.8528306900292766 0.038461298706237435 0.00906677824749806
0.038461298706236435 -0.8528306900292768 0.00906677824749806
-0.1856306086769591 0.03846129870623627 0.00906677824749806
-0.8528306900292764 -0.18563060867695935 0.00906677824749806
-0.6247188332205806 -0.9745665043029186 0.003053688889073279
0.5992853375234994 -0.6247188332205809 0.003053688889073279
-0.9745665043029188 0.5992853375234994 0.003053688889073279
0.5992853375234994 -0.9745665043029186 0.003053688889073279
-0.6247188332205806 0.5992853375234994 0.003053688889073279
-0.9745665043029192 -0.6247188332205796 0.003053688889073279
-0.4701567152192384 -0.47015671521923913 0.01262931398606581
-0.05968656956152241 -0.47015671521923913 0.01262931398606581
-0.4701567152192391 -0.059686569561521685 0.01262931398606581
-0.6955489479234467 -0.9951192391846246 0.0011971115175042268
0.6906681871080718 -0.6955489479234472 0.0011971115175042268
-0.995119239184624 0.690668187108072 0.0011971115175042268
0.6906681871080724 -0.9951192391846246 0.0011971115175042268
-0.6955489479234469 0.690668187108072 0.0011971115175042268
-0.9951192391846244 -0.6955489479234472 0.0011971115175042268
-0.6517159964268733 -0.7402187480454112 0.008442674862814538
0.39193474447228477 -0.6517159964268735 0.008442674862814538
-0.7402187480454111 0.3919347444722849 0.008442674862814538
0.39193474447228466 -0.7402187480454112 0.008442674862814538
-0.6517159964268733 0.3919347444722849 0.008442674862814538
-0.7402187480454118 -0.6517159964268724 0.008442674862814538
-0.20306186317210984 -0.5938762736557803 0.013116615000395805
-0.20306186317211006 -0.20306186317210984 0.013116615000395805
-0.5938762736557801 -0.20306186317210984 0.013116615000395805
-0.35718368964894737 -0.7122387392253913 0.011029124462679
0.06942242887433875 -0.3571836896489475 0.011029124462679
-0.7122387392253917 0.0694224288743393 0.011029124462679
0.06942242887433864 -0.7122387392253913 0.011029124462679
-0.35718368964894764 0.0694224288743393 0.011029124462679
-0.7122387392253913 -0.35718368964894726 0.011029124462679
-0.8223913276531469 -0.8822803814232862 0.004674355619821334
0.7046717090764334 -0.8223913276531467 0.004674355619821334
-0.8822803814232862 0.7046717090764341 0.004674355619821334
0.7046717090764332 -0.8822803814232862 0.004674355619821334
-0.8223913276531469 0.7046717090764341 0.004674355619821334
-0.8822803814232867 -0.8223913276531467 0.004674355619821334
-0.7391421688965756 -0.8794053172303808 0.005575977905359409
0.6185474861269569 -0.7391421688965759 0.005575977905359409
-0.8794053172303815 0.618547486126958 0.005575977905359409
0.6185474861269564 -0.8794053172303808 0.005575977905359409
-0.7391421688965758 0.618547486126958 0.005575977905359409
-0.8794053172303815 -0.7391421688965747 0.005575977905359409
-0.09475961849701164 -0.8104807630059767 0.010033718971936431
-0.0947596184970112 -0.09475961849701162 0.010033718971936431
-0.8104807630059767 -0.09475961849701045 0.010033718971936431
-0.7263241745555795 -0.973549094801283 0.0028611499907411422
0.6998732693568619 -0.7263241745555795 0.0028611499907411422
-0.9735490948012824 0.6998732693568628 0.0028611499907411422
0.6998732693568626 -0.973549094801283 0.0028611499907411422
-0.7263241745555804 0.6998732693568628 0.0028611499907411422
-0.9735490948012833 -0.7263241745555795 0.0028611499907411422
-0.2942932816406584 -0.8854574809960232 0.0079440844837549
0.17975076263668138 -0.2942932816406587 0.0079440844837549
-0.885457480996023 0.17975076263668183 0.0079440844837549
0.1797507626366816 -0.8854574809960232 0.0079440844837549
-0.2942932816406589 0.17975076263668183 0.0079440844837549
-0.8854574809960227 -0.2942932816406582 0.0079440844837549
-0.5072261995657157 -0.9781327048274284 0.0032460428587821797
0.4853589043931437 -0.5072261995657154 0.0032460428587821797
-0.9781327048274284 0.48535890439314505 0.0032460428587821797
0.4853589043931443 -0.9781327048274284 0.0032460428587821797
-0.5072261995657159 0.48535890439314394 0.0032460428587821797
-0.9781327048274284 -0.5072261995657154 0.0032460428587821797
-0.146277900933385 -0.70744419813323 0.01176501825235058
-0.14627790093338447 -0.146277900933385 0.01176501825235058
-0.7074441981332296 -0.146277900933385 0.01176501825235058
-0.3333333333333335 -0.33333333333333304 0.013882939308770123
-0.31295991188105754 -0.8081496698209049 0.009661709755790194
0.12110958170196268 -0.31295991188105726 0.009661709755790194
-0.8081496698209056 0.12110958170196329 0.009661709755790194
0.12110958170196245 -0.8081496698209049 0.009661709755790194
-0.31295991188105765 0.12110958170196329 0.009661709755790194
-0.8081496698209055 -0.31295991188105693 0.009661709755790194
-0.16758207272707168 -0.9206591405684865 0.007079357632293009
0.08824121329555751 -0.16758207272707104 0.007079357632293009
-0.9206591405684865 0.08824121329555895 0.007079357632293009
0.08824121329555829 -0.9206591405684865 0.007079357632293009
-0.16758207272707143 0.08824121329555895 0.007079357632293009
-0.9206591405684865 -0.16758207272707104 0.007079357632293009
-0.8108551257330103 -0.8108551257330114 0.006274286924328544
0.6217102514660222 -0.8108551257330102 0.006274286924328544
-0.8108551257330114 0.6217102514660229 0.006274286924328544
-0.0540210582622051 -0.8919578834755899 0.008186130295639346
-0.054021058262205435 -0.054021058262205046 0.008186130295639346
-0.8919578834755895 -0.054021058262205046 0.008186130295639346
-0.9219763786000281 -0.9944099044989416 0.0007341319788361238
0.9163862830989691 -0.9219763786000281 0.0007341319788361238
-0.9944099044989414 0.9163862830989711 0.0007341319788361238
0.91638628309897 -0.9944099044989416 0.0007341319788361238
-0.921976378600029 0.9163862830989711 0.0007341319788361238
-0.9944099044989418 -0.9219763786000281 0.0007341319788361238
-0.7856385717307879 -0.9946667766946462 0.001141939818808365
0.7803053484254339 -0.7856385717307875 0.001141939818808365
-0.9946667766946462 0.7803053484254348 0.001141939818808365
0.7803053484254341 -0.9946667766946462 0.001141939818808365
-0.7856385717307873 0.7803053484254348 0.001141939818808365
-0.9946667766946462 -0.7856385717307875 0.001141939818808365
-0.14715236058734774 -0.9949209398474845 0.0017522270783376496
0.1420733004348328 -0.1471523605873474 0.0017522270783376496
-0.9949209398474845 0.14207330043483307 0.0017522270783376496
0.1420733004348323 -0.9949209398474845 0.0017522270783376496
-0.14715236058734749 0.14207330043483307 0.0017522270783376496
-0.9949209398474843 -0.1471523605873474 0.0017522270783376496
-0.931829717686401 -0.9318297176864021 0.002502629370640922
0.8636594353728027 -0.931829717686401 0.002502629370640922
-0.9318297176864045 0.8636594353728091 0.002502629370640922
-0.2960797372723407 -0.9425372488834225 0.006174221949848338
0.23861698615576338 -0.2960797372723408 0.006174221949848338
-0.9425372488834229 0.23861698615576393 0.006174221949848338
0.23861698615576338 -0.9425372488834225 0.006174221949848338
-0.29607973727234094 0.23861698615576393 0.006174221949848338
-0.9425372488834229 -0.2960797372723401 0.006174221949848338
-0.02600200634843719 -0.9479959873031256 0.006111611540597668
-0.026002006348436357 -0.02600200634843719 0.006111611540597668
-0.9479959873031258 -0.026002006348436024 0.006111611540597668
