-0.0416745810379579 -0.9166508379240841 0.0030127247757991606
-0.041674581037958014 -0.04167458103795796 0.0030127247757991606
-0.9166508379240845 -0.04167458103795679 0.0030127247757991606
-0.2040604707185804 -0.6917537016678453 0.008907416373865997
-0.10418582761357398 -0.20406047071858 0.008907416373865997
-0.6917537016678463 -0.10418582761357342 0.008907416373865997
-0.10418582761357442 -0.6917537016678453 0.008907416373865997
-0.20406047071858027 -0.10418582761357342 0.008907416373865997
-0.691753701667846 -0.20406047071858 0.008907416373865997
-0.1713847840236486 -0.7737265881519527 0.008640019049283264
-0.054888627824398795 -0.17138478402364835 0.008640019049283264
-0.773726588151953 -0.05488862782439774 0.008640019049283264
-0.054888627824398684 -0.7737265881519527 0.008640019049283264
-0.17138478402364812 -0.05488862782439774 0.008640019049283264
-0.7737265881519534 -0.17138478402364715 0.008640019049283264
-0.34054350024675206 -0.8539633444405939 0.006173759311877847
0.1945068446873462 -0.3405435002467523 0.006173759311877847
-0.8539633444405932 0.1945068446873463 0.006173759311877847
0.19450684468734586 -0.8539633444405939 0.006173759311877847
-0.3405435002467521 0.1945068446873463 0.006173759311877847
-0.8539633444405941 -0.3405435002467519 0.006173759311877847
-0.5484815153398845 -0.780393246385273 0.0068604516309606536
0.3288747617251571 -0.5484815153398841 0.0068604516309606536
-0.7803932463852731 0.3288747617251582 0.0068604516309606536
0.32887476172515756 -0.780393246385273 0.0068604516309606536
-0.5484815153398851 0.3288747617251582 0.0068604516309606536
-0.780393246385273 -0.5484815153398841 0.0068604516309606536
-0.9026338408333596 -0.9026338408333607 0.0024949383632906835
0.8052676816667199 -0.9026338408333596 0.0024949383632906835
-0.9026338408333601 0.8052676816667204 0.0024949383632906835
-0.026301131094842944 -0.947397737810314 0.004379032766600217
-0.0263011310948425 -0.026301131094843 0.004379032766600217
-0.947397737810314 -0.026301131094841834 0.004379032766600217
-0.34260130487895313 -0.7943282492578536 0.00756552396478251
0.1369295541368063 -0.3426013048789525 0.00756552396478251
-0.794328249257855 0.13692955413680785 0.00756552396478251
0.1369295541368068 -0.7943282492578536 0.00756552396478251
-0.34260130487895235 0.13692955413680669 0.00756552396478251
-0.794328249257855 -0.342601304878952 0.00756552396478251
-0.8859509633414382 -0.9790899693111796 0.0013408612801252167
0.8650409326526185 -0.8859509633414389 0.0013408612801252167
-0.9790899693111774 0.8650409326526138 0.0013408612801252167
0.8650409326526178 -0.9790899693111796 0.0013408612801252167
-0.8859509633414357 0.8650409326526138 0.0013408612801252167
-0.9790899693111801 -0.8859509633414375 0.0013408612801252167
-0.5636930187447851 -0.7049554769078876 0.00834822953468106
0.26864849565267274 -0.5636930187447854 0.00834822953468106
-0.704955476907887 0.26864849565267307 0.00834822953468106
0.26864849565267285 -0.7049554769078876 0.00834822953468106
-0.5636930187447855 0.26864849565267307 0.00834822953468106
-0.7049554769078872 -0.5636930187447854 0.00834822953468106
-0.595387308233073 -0.8957478063851398 0.005116733313952036
0.4911351146182124 -0.5953873082330727 0.005116733313952036
-0.8957478063851398 0.49113511461821396 0.005116733313952036
0.49113511461821296 -0.8957478063851398 0.005116733313952036
-0.5953873082330723 0.49113511461821274 0.005116733313952036
-0.8957478063851405 -0.5953873082330727 0.005116733313952036
-0.5734335803823838 -0.8398316084676625 0.006367973904246566
0.41326518885004576 -0.5734335803823833 0.006367973904246566
-0.8398316084676625 0.413265188850047 0.006367973904246566
0.4132651888500462 -0.8398316084676625 0.006367973904246566
-0.5734335803823845 0.413265188850047 0.006367973904246566
-0.8398316084676622 -0.5734335803823833 0.006367973904246566
-0.983573282257556 -0.9956784392906639 0.0002634341855907824
0.9792517215482193 -0.9835732822575565 0.0002634341855907824
-0.9956784392906652 0.9792517215482242 0.0002634341855907824
0.9792517215482202 -0.9956784392906639 0.0002634341855907824
-0.983573282257558 0.9792517215482242 0.0002634341855907824
-0.9956784392906644 -0.9835732822575554 0.0002634341855907824
-0.076969276775399 -0.9772723953005462 0.003291344766212005
0.05424167207594438 -0.07696927677539867 0.003291344766212005
-0.977272395300546 0.05424167207594588 0.003291344766212005
0.05424167207594499 -0.9772723953005462 0.003291344766212005
-0.07696927677539939 0.05424167207594477 0.003291344766212005
-0.9772723953005455 -0.07696927677539867 0.003291344766212005
-0.29075506537458884 -0.7404429527646983 0.009190966186517109
0.031198018139286132 -0.2907550653745883 0.009190966186517109
-0.7404429527646984 0.031198018139286854 0.009190966186517109
0.031198018139287187 -0.7404429527646983 0.009190966186517109
-0.2907550653745884 0.031198018139286854 0.009190966186517109
-0.7404429527646981 -0.29075506537458795 0.009190966186517109
-0.3781587128279365 -0.902125442785509 0.00573772031363124
0.2802841556134463 -0.3781587128279366 0.00573772031363124
-0.902125442785509 0.2802841556134463 0.00573772031363124
0.2802841556134455 -0.902125442785509 0.00573772031363124
-0.3781587128279371 0.2802841556134463 0.00573772031363124
-0.9021254427855099 -0.3781587128279362 0.00573772031363124
-0.390088431733539 -0.683164881985068 0.009453468121840445
0.07325331371860727 -0.3900884317335386 0.009453468121840445
-0.6831648819850686 0.07325331371860744 0.009453468121840445
0.07325331371860705 -0.683164881985068 0.009453468121840445
-0.3900884317335387 0.07325331371860744 0.009453468121840445
-0.6831648819850689 -0.39008843173353824 0.009453468121840445
-0.4984111248721923 -0.6489998291231814 0.009617463537659023
0.14741095399537374 -0.49841112487219147 0.009617463537659023
-0.648999829123182 0.14741095399537413 0.009617463537659023
0.1474109539953738 -0.6489998291231814 0.009617463537659023
-0.49841112487219186 0.14741095399537413 0.009617463537659023
-0.6489998291231822 -0.49841112487219147 0.009617463537659023
-0.6074103815411005 -0.6074103815411009 0.00906523303668365
0.2148207630822025 -0.6074103815411009 0.00906523303668365
-0.6074103815411009 0.21482076308220194 0.00906523303668365
-0.6684025668658078 -0.6684025668658082 0.008224267102432188
0.33680513373161564 -0.6684025668658071 0.008224267102432188
-0.6684025668658082 0.33680513373161663 0.008224267102432188
-0.13226155627103867 -0.8937472373790081 0.006385534167386902
0.026008793650046547 -0.13226155627103903 0.006385534167386902
-0.8937472373790074 0.026008793650047046 0.006385534167386902
0.02600879365004677 -0.8937472373790081 0.006385534167386902
-0.1322615562710395 0.026008793650047046 0.006385534167386902
-0.8937472373790081 -0.1322615562710379 0.006385534167386902
-0.8459246027493608 -0.8981820452833404 0.0034975301005788655
0.7441066480327014 -0.8459246027493605 0.0034975301005788655
-0.8981820452833409 0.7441066480327023 0.0034975301005788655
0.7441066480327014 -0.8981820452833404 0.0034975301005788655
-0.8459246027493608 0.7441066480327023 0.0034975301005788655
-0.8981820452833407 -0.8459246027493605 0.0034975301005788655
-0.44632762796095476 -0.9777572008057245 0.0028613406647660126
0.42408482876667947 -0.44632762796095504 0.0028613406647660126
-0.9777572008057243 0.4240848287666808 0.0028613406647660126
0.42408482876667924 -0.9777572008057245 0.0028613406647660126
-0.4463276279609548 0.4240848287666797 0.0028613406647660126
-0.9777572008057247 -0.44632762796095443 0.0028613406647660126
-0.6527256757931567 -0.9764404926385646 0.0025363505578706665
0.6291661684317218 -0.6527256757931577 0.0025363505578706665
-0.9764404926385639 0.629166168431722 0.0025363505578706665
0.6291661684317214 -0.9764404926385646 0.0025363505578706665
-0.652725675793157 0.629166168431722 0.0025363505578706665
-0.9764404926385648 -0.6527256757931564 0.0025363505578706665
-0.3291326226772465 -0.9763837473926129 0.003158067487823357
0.30551637006985904 -0.3291326226772461 0.003158067487823357
-0.9763837473926129 0.3055163700698597 0.003158067487823357
0.3055163700698595 -0.9763837473926129 0.003158067487823357
-0.3291326226772458 0.3055163700698597 0.003158067487823357
-0.9763837473926131 -0.3291326226772455 0.003158067487823357
-0.24987156309520636 -0.8975122320182132 0.0064308904168641125
0.1473837951134193 -0.24987156309520653 0.0064308904168641125
-0.8975122320182127 0.1473837951134196 0.0064308904168641125
0.14738379511341965 -0.8975122320182132 0.0064308904168641125
-0.24987156309520678 0.1473837951134196 0.0064308904168641125
-0.897512232018213 -0.24987156309520617 0.0064308904168641125
-0.30657742774019897 -0.634917487047734 0.010795411644033916
-0.05850508521206654 -0.30657742774019886 0.010795411644033916
-0.6349174870477348 -0.05850508521206643 0.010795411644033916
-0.05850508521206699 -0.634917487047734 0.010795411644033916
-0.30657742774019875 -0.05850508521206643 0.010795411644033916
-0.6349174870477347 -0.3065774277401986 0.010795411644033916
-0.4880629774786719 -0.8921962570994142 0.006125410406021764
0.3802592345780858 -0.48806297747867156 0.006125410406021764
-0.8921962570994144 0.3802592345780869 0.006125410406021764
0.38025923457808614 -0.8921962570994142 0.006125410406021764
-0.48806297747867244 0.3802592345780869 0.006125410406021764
-0.8921962570994142 -0.48806297747867156 0.006125410406021764
-0.41598615842293646 -0.945313373076893 0.004638436819274898
0.36129953149982935 -0.4159861584229366 0.004638436819274898
-0.9453133730768926 0.36129953149982935 0.004638436819274898
0.3612995314998296 -0.945313373076893 0.004638436819274898
-0.4159861584229366 0.36129953149982935 0.004638436819274898
-0.945313373076893 -0.41598615842293596 0.004638436819274898
-0.5271655208408489 -0.9405152362414402 0.00459220058035457
0.46768075708228835 -0.5271655208408487 0.00459220058035457
-0.9405152362414395 0.4676807570822889 0.00459220058035457
0.4676807570822891 -0.9405152362414402 0.00459220058035457
-0.5271655208408494 0.4676807570822889 0.00459220058035457
-0.9405152362414397 -0.5271655208408487 0.00459220058035457
-0.06769820374112906 -0.9956174106378854 0.0014676206641424025
0.06331561437901417 -0.06769820374112828 0.0014676206641424025
-0.9956174106378854 0.0633156143790149 0.0014676206641424025
0.0633156143790144 -0.9956174106378854 0.0014676206641424025
-0.06769820374112939 0.0633156143790149 0.0014676206641424025
-0.9956174106378859 -0.06769820374112828 0.0014676206641424025
-0.5530347417088284 -0.9748526683267913 0.002887520553481614
0.5278874100356203 -0.5530347417088284 0.002887520553481614
-0.9748526683267915 0.527887410035621 0.002887520553481614
0.5278874100356208 -0.9748526683267913 0.002887520553481614
-0.5530347417088285 0.527887410035621 0.002887520553481614
-0.9748526683267917 -0.5530347417088284 0.002887520553481614
-0.20526397224399864 -0.9769606617409747 0.0033173326479285234
0.18222463398497352 -0.20526397224399878 0.0033173326479285234
-0.9769606617409752 0.18222463398497463 0.0033173326479285234
0.1822246339849734 -0.9769606617409747 0.0033173326479285234
-0.20526397224399928 0.18222463398497463 0.0033173326479285234
-0.9769606617409752 -0.20526397224399764 0.0033173326479285234
-0.42864151351002056 -0.5786639246664668 0.011141458616226504
0.007305438176487933 -0.4286415135100199 0.011141458616226504
-0.5786639246664675 0.007305438176487877 0.011141458616226504
0.007305438176487433 -0.5786639246664668 0.011141458616226504
-0.4286415135100202 0.007305438176487877 0.011141458616226504
-0.5786639246664671 -0.42864151351001967 0.011141458616226504
-0.5419857644259106 -0.5419857644259106 0.010672567995726641
0.0839715288518213 -0.5419857644259106 0.010672567995726641
-0.5419857644259106 0.0839715288518213 0.010672567995726641
-0.40020379624054275 -0.4002037962405424 0.012951243855645243
-0.19959240751891474 -0.4002037962405424 0.012951243855645243
-0.4002037962405429 -0.19959240751891413 0.012951243855645243
-0.19801617540718594 -0.995658299435064 0.001442874868929201
0.19367447484225025 -0.1980161754071864 0.001442874868929201
-0.9956582994350642 0.1936744748422507 0.001442874868929201
0.19367447484225103 -0.995658299435064 0.001442874868929201
-0.1980161754071863 0.1936744748422507 0.001442874868929201
-0.9956582994350638 -0.1980161754071864 0.001442874868929201
-0.6874529791918467 -0.8884671552404046 0.005244255648829546
0.5759201344322502 -0.6874529791918462 0.005244255648829546
-0.8884671552404033 0.5759201344322509 0.005244255648829546
0.5759201344322513 -0.8884671552404046 0.005244255648829546
-0.6874529791918464 0.5759201344322509 0.005244255648829546
-0.8884671552404049 -0.6874529791918462 0.005244255648829546
-0.9044282126306367 -0.9958041834593965 0.0006071592067447644
0.9002323960900334 -0.9044282126306362 0.0006071592067447644
-0.9958041834593985 0.9002323960900374 0.0006071592067447644
0.9002323960900334 -0.9958041834593965 0.0006071592067447644
-0.904428212630638 0.9002323960900374 0.0006071592067447644
-0.9958041834593969 -0.9044282126306362 0.0006071592067447644
-0.6355016801372515 -0.941843604840815 0.004200174002296814
0.5773452849780671 -0.6355016801372522 0.004200174002296814
-0.941843604840815 0.5773452849780683 0.004200174002296814
0.5773452849780665 -0.941843604840815 0.004200174002296814
-0.6355016801372515 0.5773452849780669 0.004200174002296814
-0.9418436048408154 -0.635501680137251 0.004200174002296814
-0.26783747717714895 -0.4643250456457019 0.01305663389086287
-0.26783747717714923 -0.2678374771771491 0.01305663389086287
-0.46432504564570176 -0.2678374771771488 0.01305663389086287
-0.8213048636160283 -0.9768340663119492 0.0019325972374826586
0.7981389299279771 -0.821304863616028 0.0019325972374826586
-0.9768340663119495 0.7981389299279784 0.0019325972374826586
0.7981389299279777 -0.9768340663119492 0.0019325972374826586
-0.8213048636160283 0.7981389299279784 0.0019325972374826586
-0.9768340663119501 -0.821304863616028 0.0019325972374826586
-0.6695602375201746 -0.8250752766994549 0.006409344740457947
0.4946355142196293 -0.6695602375201746 0.006409344740457947
-0.8250752766994545 0.49463551421962976 0.006409344740457947
0.49463551421962954 -0.8250752766994549 0.006409344740457947
-0.6695602375201746 0.49463551421962976 0.006409344740457947
-0.8250752766994551 -0.6695602375201735 0.006409344740457947
-0.8389439905216634 -0.9958429928035613 0.0007845900907746828
0.8347869833252248 -0.8389439905216636 0.0007845900907746828
-0.9958429928035588 0.8347869833252204 0.0007845900907746828
0.8347869833252246 -0.9958429928035613 0.0007845900907746828
-0.8389439905216607 0.8347869833252204 0.0007845900907746828
-0.9958429928035617 -0.8389439905216625 0.0007845900907746828
-0.3389169968648016 -0.5270444325104328 0.012515162416072942
-0.13403857062476618 -0.3389169968648016 0.012515162416072942
-0.5270444325104329 -0.1340385706247647 0.012515162416072942
-0.1340385706247656 -0.5270444325104328 0.012515162416072942
-0.33891699686480153 -0.13403857062476587 0.012515162416072942
-0.5270444325104332 -0.3389169968648015 0.012515162416072942
-0.6498519734954126 -0.7543819638925748 0.007562481028181836
0.40423393738798724 -0.6498519734954125 0.007562481028181836
-0.7543819638925742 0.40423393738798735 0.007562481028181836
0.40423393738798746 -0.7543819638925748 0.007562481028181836
-0.6498519734954127 0.40423393738798735 0.007562481028181836
-0.7543819638925746 -0.6498519734954125 0.007562481028181836
-0.7732100539411544 -0.889989943111033 0.004612723929544317
0.663199997052188 -0.7732100539411557 0.004612723929544317
-0.8899899431110327 0.6631999970521887 0.004612723929544317
0.6631999970521876 -0.889989943111033 0.004612723929544317
-0.7732100539411557 0.6631999970521887 0.004612723929544317
-0.8899899431110327 -0.7732100539411546 0.004612723929544317
-0.8109115431871021 -0.9424129335457758 0.0031928606745978754
0.7533244767328784 -0.8109115431871028 0.0031928606745978754
-0.9424129335457756 0.7533244767328788 0.0031928606745978754
0.753324476732878 -0.9424129335457758 0.0031928606745978754
-0.8109115431871023 0.7533244767328788 0.0031928606745978754
-0.9424129335457763 -0.8109115431871016 0.0031928606745978754
-0.8820821152783076 -0.9474133364162649 0.002497672027187879
0.8294954516945718 -0.8820821152783074 0.002497672027187879
-0.9474133364162642 0.8294954516945723 0.002497672027187879
0.8294954516945725 -0.9474133364162649 0.002497672027187879
-0.8820821152783072 0.8294954516945723 0.002497672027187879
-0.9474133364162642 -0.8820821152783074 0.002497672027187879
-0.2891077657952604 -0.9433853452295533 0.005111256816589066
0.23249311102481324 -0.2891077657952605 0.005111256816589066
-0.9433853452295531 0.23249311102481435 0.005111256816589066
0.23249311102481368 -0.9433853452295533 0.005111256816589066
-0.28910776579526115 0.23249311102481435 0.005111256816589066
-0.9433853452295531 -0.28910776579526 0.005111256816589066
-0.1587443111091415 -0.9437461223857229 0.005356569863381098
0.10249043349486375 -0.15874431110914153 0.005356569863381098
-0.9437461223857229 0.10249043349486564 0.005356569863381098
0.10249043349486447 -0.9437461223857229 0.005356569863381098
-0.15874431110914225 0.10249043349486453 0.005356569863381098
-0.9437461223857222 -0.15874431110914153 0.005356569863381098
-0.9384613120958356 -0.9384613120958365 0.00194341940027424
0.8769226241916732 -0.9384613120958365 0.00194341940027424
-0.9384613120958389 0.8769226241916779 0.00194341940027424
-0.4473150456671081 -0.9957981978138617 0.0012827800316675675
0.4431132434809703 -0.44731504566710856 0.0012827800316675675
-0.9957981978138615 0.443113243480971 0.0012827800316675675
0.44311324348096987 -0.9957981978138617 0.0012827800316675675
-0.4473150456671079 0.44311324348096987 0.0012827800316675675
-0.9957981978138619 -0.44731504566710795 0.0012827800316675675
-0.7283311897237259 -0.93895579919548 0.0038214347081170657
0.6672869889192057 -0.7283311897237255 0.0038214347081170657
-0.9389557991954802 0.6672869889192068 0.0038214347081170657
0.6672869889192061 -0.93895579919548 0.0038214347081170657
-0.7283311897237253 0.6672869889192068 0.0038214347081170657
-0.9389557991954807 -0.7283311897237243 0.0038214347081170657
-0.7571351101592251 -0.8237139160369398 0.0060571297132979525
0.580849026196165 -0.7571351101592257 0.0060571297132979525
-0.8237139160369393 0.5808490261961654 0.0060571297132979525
0.580849026196165 -0.8237139160369398 0.0060571297132979525
-0.7571351101592254 0.5808490261961654 0.0060571297132979525
-0.8237139160369398 -0.7571351101592246 0.0060571297132979525
-0.8350026124728833 -0.8350026124728833 0.004877395802950831
0.6700052249457666 -0.8350026124728833 0.004877395802950831
-0.8350026124728833 0.6700052249457666 0.004877395802950831
-0.7414910373341037 -0.9748383854555926 0.002388038949027538
0.7163294227896955 -0.741491037334103 0.002388038949027538
-0.9748383854555924 0.716329422789697 0.002388038949027538
0.7163294227896964 -0.9748383854555926 0.002388038949027538
-0.7414910373341028 0.7163294227896959 0.002388038949027538
-0.9748383854555924 -0.741491037334103 0.002388038949027538
-0.4541213633393474 -0.8322478886843352 0.0079795722884402
0.28636925202368263 -0.45412136333934716 0.0079795722884402
-0.8322478886843356 0.2863692520236835 0.0079795722884402
0.28636925202368263 -0.8322478886843352 0.0079795722884402
-0.4541213633393477 0.2863692520236835 0.0079795722884402
-0.8322478886843354 -0.45412136333934716 0.0079795722884402
-0.07835399130482373 -0.8432920173903524 0.008376408143552774
-0.0783539913048234 -0.07835399130482312 0.008376408143552774
-0.8432920173903524 -0.07835399130482312 0.008376408143552774
-0.4475511366514258 -0.7504167991105903 0.009548319752895055
0.19796793576201693 -0.4475511366514259 0.009548319752895055
-0.7504167991105908 0.1979679357620177 0.009548319752895055
0.19796793576201616 -0.7504167991105903 0.009548319752895055
-0.44755113665142526 0.1979679357620166 0.009548319752895055
-0.7504167991105912 -0.44755113665142554 0.009548319752895055
-0.6669378760163975 -0.995539501421121 0.0011362025950613227
0.662477377437519 -0.666937876016398 0.0011362025950613227
-0.995539501421121 0.6624773774375199 0.0011362025950613227
0.6624773774375186 -0.995539501421121 0.0011362025950613227
-0.666937876016398 0.6624773774375199 0.0011362025950613227
-0.9955395014211217 -0.6669378760163968 0.0011362025950613227
-0.3253522762420892 -0.9954306657779977 0.0014585795797830703
0.32078294202008734 -0.3253522762420886 0.0014585795797830703
-0.9954306657779985 0.3207829420200872 0.0014585795797830703
0.3207829420200869 -0.9954306657779977 0.0014585795797830703
-0.32535227624208857 0.3207829420200872 0.0014585795797830703
-0.9954306657779979 -0.3253522762420883 0.0014585795797830703
-0.4667685826046071 -0.46676858260460585 0.01197254859295019
-0.06646283479078702 -0.46676858260460585 0.01197254859295019
-0.46676858260460646 -0.06646283479078713 0.01197254859295019
-0.7431211301049752 -0.7431211301049757 0.007546960313066121
0.48624226020995026 -0.7431211301049745 0.007546960313066121
-0.7431211301049757 0.4862422602099515 0.007546960313066121
-0.22003032463924269 -0.8336133948398685 0.008799112339972085
0.05364371947911112 -0.22003032463924221 0.008799112339972085
-0.8336133948398683 0.053643719479110896 0.008799112339972085
0.05364371947911034 -0.8336133948398685 0.008799112339972085
-0.22003032463924244 0.053643719479110896 0.008799112339972085
-0.8336133948398692 -0.22003032463924174 0.008799112339972085
-0.3333333333333335 -0.33333333333333304 0.013270094246414302
-0.5618851959407863 -0.9951859378163352 0.0013579179971546596
0.5570711337571213 -0.5618851959407863 0.0013579179971546596
-0.9951859378163348 0.5570711337571215 0.0013579179971546596
0.5570711337571217 -0.9951859378163352 0.0013579179971546596
-0.5618851959407858 0.5570711337571215 0.0013579179971546596
-0.9951859378163355 -0.5618851959407851 0.0013579179971546596
-0.7593173151138193 -0.9951658727630432 0.001062888226812359
0.7544831878768632 -0.7593173151138202 0.001062888226812359
-0.9951658727630437 0.7544831878768636 0.001062888226812359
0.7544831878768627 -0.9951658727630432 0.001062888226812359
-0.7593173151138197 0.7544831878768636 0.001062888226812359
-0.9951658727630435 -0.7593173151138191 0.001062888226812359
-0.2049768491959036 -0.5900463016081929 0.012963294508973072
-0.20497684919590348 -0.20497684919590298 0.012963294508973072
-0.5900463016081935 -0.20497684919590298 0.012963294508973072
-0.9357130804291458 -0.9742262563630943 0.0012950493268266792
0.9099393367922406 -0.9357130804291469 0.0012950493268266792
-0.9742262563630952 0.9099393367922439 0.0012950493268266792
0.9099393367922401 -0.9742262563630943 0.0012950493268266792
-0.935713080429148 0.9099393367922439 0.0012950493268266792
-0.9742262563630941 -0.9357130804291458 0.0012950493268266792
-0.9742406031282287 -0.9742406031282307 0.0008986934205600887
0.9484812062564589 -0.9742406031282296 0.0008986934205600887
-0.9742406031282271 0.9484812062564545 0.0008986934205600887
-0.9520432748236045 -0.9948252025759787 0.0005226558920046004
0.9468684773995837 -0.9520432748236052 0.0005226558920046004
-0.9948252025759761 0.9468684773995795 0.0005226558920046004
0.9468684773995835 -0.9948252025759787 0.0005226558920046004
-0.9520432748236025 0.9468684773995795 0.0005226558920046004
-0.9948252025759783 -0.9520432748236052 0.0005226558920046004
-0.9990141555151877 -0.9990141555151884 2.819044027190093e-05
0.9980283110303763 -0.9990141555151884 2.819044027190093e-05
-0.9990141555151906 0.9980283110303814 2.819044027190093e-05
