-0.4818922309578655 -0.9043297537184549 0.008429516927824867
0.38622198467632046 -0.4818922309578649 0.008429516927824867
-0.9043297537184545 0.386221984676321 0.008429516927824867
0.3862219846763206 -0.9043297537184549 0.008429516927824867
-0.4818922309578655 0.386221984676321 0.008429516927824867
-0.9043297537184556 -0.4818922309578649 0.008429516927824867
-0.9933625501267103 -0.9933625501267114 0.00034345980274209914
0.9867251002534221 -0.9933625501267103 0.00034345980274209914
-0.9933625501267092 0.9867251002534183 0.00034345980274209914
-0.21685562341748765 -0.8406809461367986 0.011849845490183992
0.05753656955428582 -0.2168556234174876 0.011849845490183992
-0.840680946136799 0.057536569554286265 0.011849845490183992
0.05753656955428632 -0.8406809461367986 0.011849845490183992
-0.2168556234174871 0.057536569554286265 0.011849845490183992
-0.8406809461367988 -0.21685562341748643 0.011849845490183992
-0.2877194334075329 -0.884613197452252 0.011888440368849028
0.1723326308597844 -0.28771943340753264 0.011888440368849028
-0.8846131974522515 0.17233263085978529 0.011888440368849028
0.17233263085978506 -0.884613197452252 0.011888440368849028
-0.28771943340753364 0.17233263085978529 0.011888440368849028
-0.884613197452252 -0.2877194334075323 0.011888440368849028
-0.8552551855506436 -0.8552551855506445 0.007603865336831032
0.7105103711012883 -0.8552551855506445 0.007603865336831032
-0.8552551855506445 0.7105103711012892 0.007603865336831032
-0.43397500530082217 -0.8454771248462316 0.013754368775071883
0.27945213014705433 -0.43397500530082245 0.013754368775071883
-0.8454771248462316 0.27945213014705544 0.013754368775071883
0.2794521301470538 -0.8454771248462316 0.013754368775071883
-0.43397500530082267 0.27945213014705544 0.013754368775071883
-0.845477124846232 -0.433975005300822 0.013754368775071883
-0.9056841795156554 -0.9056841795156572 0.005688867335374991
0.8113683590313119 -0.9056841795156558 0.005688867335374991
-0.9056841795156565 0.8113683590313132 0.005688867335374991
-0.5167724750969511 -0.9544832314099998 0.008184997936694395
0.47125570650695164 -0.5167724750969511 0.008184997936694395
-0.95448323141 0.4712557065069522 0.008184997936694395
0.471255706506951 -0.9544832314099998 0.008184997936694395
-0.5167724750969511 0.4712557065069522 0.008184997936694395
-0.9544832314100005 -0.5167724750969511 0.008184997936694395
-0.49443750562413463 -0.7523760424586508 0.017745309012034714
0.24681354808278538 -0.4944375056241347 0.017745309012034714
-0.7523760424586508 0.2468135480827855 0.017745309012034714
0.24681354808278538 -0.7523760424586508 0.017745309012034714
-0.4944375056241337 0.2468135480827855 0.017745309012034714
-0.7523760424586512 -0.4944375056241335 0.017745309012034714
-0.6301877872321653 -0.7682360655277993 0.015068645859092974
0.39842385275996467 -0.6301877872321654 0.015068645859092974
-0.7682360655277986 0.3984238527599648 0.015068645859092974
0.39842385275996467 -0.7682360655277993 0.015068645859092974
-0.6301877872321655 0.3984238527599648 0.015068645859092974
-0.7682360655277993 -0.6301877872321654 0.015068645859092974
-0.06393965269774893 -0.8721206946045019 0.015568257464661645
-0.06393965269774948 -0.06393965269774898 0.015568257464661645
-0.8721206946045015 -0.06393965269774898 0.015568257464661645
-0.9746267906510635 -0.9746267906510648 0.0016931002906577753
0.9492535813021294 -0.9746267906510648 0.0016931002906577753
-0.9746267906510624 0.949253581302125 0.0016931002906577753
-0.6125912456927193 -0.8669651104362375 0.013608013512203695
0.4795563561289568 -0.6125912456927198 0.013608013512203695
-0.8669651104362366 0.47955635612895714 0.013608013512203695
0.4795563561289568 -0.8669651104362375 0.013608013512203695
-0.6125912456927196 0.47955635612895714 0.013608013512203695
-0.8669651104362377 -0.6125912456927186 0.013608013512203695
-0.8471975031212253 -0.9911224372458773 0.0024133931370842383
0.8383199403671024 -0.8471975031212249 0.0024133931370842383
-0.9911224372458776 0.8383199403671036 0.0024133931370842383
0.8383199403671018 -0.9911224372458773 0.0024133931370842383
-0.8471975031212253 0.8383199403671036 0.0024133931370842383
-0.9911224372458776 -0.8471975031212249 0.0024133931370842383
-0.7568169835545439 -0.7568169835545442 0.01477382366982859
0.5136339671090882 -0.7568169835545442 0.01477382366982859
-0.7568169835545442 0.5136339671090884 0.01477382366982859
-0.5819038250946205 -0.9906728412146231 0.003917897155786492
0.5725766663092431 -0.5819038250946202 0.003917897155786492
-0.9906728412146233 0.5725766663092444 0.003917897155786492
0.5725766663092435 -0.9906728412146231 0.003917897155786492
-0.5819038250946212 0.5725766663092444 0.003917897155786492
-0.9906728412146228 -0.5819038250946202 0.003917897155786492
-0.4029140118815151 -0.9905926364710458 0.004548891801997352
0.3935066483525604 -0.4029140118815148 0.004548891801997352
-0.9905926364710458 0.3935066483525615 0.004548891801997352
0.39350664835256083 -0.9905926364710458 0.004548891801997352
-0.4029140118815147 0.3935066483525615 0.004548891801997352
-0.990592636471046 -0.4029140118815141 0.004548891801997352
-0.3312419199319374 -0.9496358665922631 0.010729369692372613
0.28087778652420087 -0.3312419199319378 0.010729369692372613
-0.9496358665922622 0.28087778652420053 0.010729369692372613
0.28087778652420065 -0.9496358665922631 0.010729369692372613
-0.33124191993193824 0.28087778652420053 0.010729369692372613
-0.9496358665922633 -0.3312419199319374 0.010729369692372613
-0.7535383952386099 -0.8684468523505142 0.011740139606131026
0.6219852475891239 -0.7535383952386097 0.011740139606131026
-0.8684468523505144 0.6219852475891252 0.011740139606131026
0.6219852475891241 -0.8684468523505142 0.011740139606131026
-0.7535383952386103 0.6219852475891252 0.011740139606131026
-0.8684468523505142 -0.7535383952386097 0.011740139606131026
-0.3229716751403084 -0.7477518100300211 0.02260604708587497
0.07072348517032923 -0.3229716751403084 0.02260604708587497
-0.7477518100300211 0.07072348517033045 0.02260604708587497
0.07072348517032961 -0.7477518100300211 0.02260604708587497
-0.3229716751403092 0.07072348517033045 0.02260604708587497
-0.747751810030021 -0.322971675140308 0.02260604708587497
-0.2911927956386253 -0.6102580981529624 0.028632970539335202
-0.09854910620841156 -0.29119279563862477 0.028632970539335202
-0.6102580981529634 -0.0985491062084112 0.028632970539335202
-0.09854910620841206 -0.6102580981529624 0.028632970539335202
-0.2911927956386254 -0.0985491062084112 0.028632970539335202
-0.6102580981529636 -0.29119279563862466 0.028632970539335202
-0.4738634044843829 -0.617997150855434 0.025852046900236552
0.09186055533981774 -0.47386340448438335 0.025852046900236552
-0.6179971508554338 0.09186055533981746 0.025852046900236552
0.09186055533981702 -0.617997150855434 0.025852046900236552
-0.4738634044843833 0.09186055533981746 0.025852046900236552
-0.6179971508554343 -0.47386340448438335 0.025852046900236552
-0.6351808769650937 -0.6351808769650946 0.021505701930865647
0.27036175393018774 -0.6351808769650935 0.021505701930865647
-0.635180876965094 0.2703617539301881 0.021505701930865647
-0.13086765207066098 -0.9449331877509 0.012563193161783323
0.07580083982156105 -0.13086765207066012 0.012563193161783323
-0.9449331877509006 0.07580083982156133 0.012563193161783323
0.07580083982156105 -0.9449331877509 0.012563193161783323
-0.13086765207066064 0.07580083982156133 0.012563193161783323
-0.9449331877509008 -0.13086765207066012 0.012563193161783323
-0.6718580258602428 -0.9438721560372545 0.009403873988211936
0.6157301818974976 -0.6718580258602431 0.009403873988211936
-0.9438721560372543 0.6157301818974987 0.009403873988211936
0.6157301818974974 -0.9438721560372545 0.009403873988211936
-0.6718580258602445 0.6157301818974987 0.009403873988211936
-0.9438721560372543 -0.6718580258602431 0.009403873988211936
-0.27542544129410024 -0.44914911741179947 0.031192182651651558
-0.2754254412941004 -0.2754254412941001 0.031192182651651558
-0.44914911741179936 -0.2754254412941 0.031192182651651558
-0.9146360005878387 -0.9681951674621307 0.0036610137522976563
0.8828311680499699 -0.9146360005878396 0.0036610137522976563
-0.9681951674621327 0.8828311680499752 0.0036610137522976563
0.8828311680499694 -0.9681951674621307 0.0036610137522976563
-0.9146360005878416 0.8828311680499752 0.0036610137522976563
-0.9681951674621307 -0.9146360005878384 0.0036610137522976563
-0.8120804106945398 -0.9454115386958084 0.007643761094190038
0.7574919493903491 -0.8120804106945402 0.007643761094190038
-0.9454115386958086 0.7574919493903498 0.007643761094190038
0.7574919493903483 -0.9454115386958084 0.007643761094190038
-0.8120804106945405 0.7574919493903498 0.007643761094190038
-0.9454115386958089 -0.8120804106945402 0.007643761094190038
-0.7291822929601308 -0.9886175771091683 0.0038397611149378298
0.7177998700692989 -0.7291822929601317 0.0038397611149378298
-0.9886175771091681 0.7177998700693002 0.0038397611149378298
0.7177998700692994 -0.9886175771091683 0.0038397611149378298
-0.729182292960131 0.7177998700693002 0.0038397611149378298
-0.9886175771091688 -0.7291822929601306 0.0038397611149378298
-0.12651350290307967 -0.7469729941938406 0.02480991805629199
-0.1265135029030794 -0.1265135029030791 0.02480991805629199
-0.7469729941938414 -0.1265135029030791 0.02480991805629199
-0.45514391843214314 -0.45514391843214375 0.029829101525371538
-0.08971216313571312 -0.45514391843214375 0.029829101525371538
-0.45514391843214363 -0.08971216313571251 0.029829101525371538
-0.20755697052068128 -0.9896753059667573 0.0052851358463265035
0.19723227648743863 -0.20755697052068128 0.0052851358463265035
-0.989675305966758 0.19723227648743996 0.0052851358463265035
0.19723227648743974 -0.9896753059667573 0.0052851358463265035
-0.20755697052068195 0.19723227648743996 0.0052851358463265035
-0.9896753059667573 -0.20755697052068128 0.0052851358463265035
-0.005361321999382773 -0.9892773560012345 0.00558263623948154
-0.005361321999382607 -0.005361321999382773 0.00558263623948154
-0.9892773560012351 -0.0053613219993816075 0.00558263623948154
-0.9410319148046526 -0.9989325826786106 0.0006712434229328049
0.9399644974832635 -0.9410319148046529 0.0006712434229328049
-0.9989325826786091 0.9399644974832602 0.0006712434229328049
0.9399644974832635 -0.9989325826786106 0.0006712434229328049
-0.9410319148046502 0.9399644974832602 0.0006712434229328049
-0.9989325826786111 -0.9410319148046518 0.0006712434229328049
