-0.3333333333333330 -0.3333333333333330 0.1942715925655980
-0.0206349616025250 -0.0206349616025250 0.0626694004542780
-0.9587300767949500 -0.0206349616025250 0.0626694004542780
-0.0206349616025250 -0.9587300767949500 0.0626694004542780
-0.1258208170141270 -0.1258208170141270 0.1556550820095490
-0.7483583659717460 -0.1258208170141270 0.1556550820095490
-0.1258208170141270 -0.7483583659717460 0.1556550820095490
-0.6235929287619350 -0.6235929287619350 0.1592954778544200
0.2471858575238690 -0.6235929287619350 0.1592954778544200
-0.6235929287619350 0.2471858575238690 0.1592954778544200
-0.9105409732110950 -0.9105409732110950 0.0511553513173960
0.8210819464221890 -0.9105409732110950 0.0511553513173960
-0.9105409732110950 0.8210819464221890 0.0511553513173960
0.4823971975689960 -0.5560740216784690 0.0865670787545790
-0.5560740216784690 0.4823971975689960 0.0865670787545790
-0.9263231758905270 -0.5560740216784690 0.0865670787545790
-0.5560740216784690 -0.9263231758905270 0.0865670787545790
-0.9263231758905270 0.4823971975689960 0.0865670787545790
0.4823971975689960 -0.9263231758905270 0.0865670787545790