0.06517784730010368 -0.7757512270700415 -0.5275160823084777 0.02756079111468019
-0.7619105379214477 0.06517784729987101 -0.5275160823086784 0.02756079111473661
-0.7757512270699543 -0.7619105379214348 -0.5275160823086024 0.02756079111473209
-0.01820930647800567 -0.7709240273683173 -0.9500919558655234 0.01651728622129342
-0.260774710287566 -0.01820930647889407 -0.9500919558655199 0.01651728622129794
-0.7709240273679512 -0.2607747102877043 -0.9500919558656692 0.01651728622126273
-0.9385960782586074 -0.7467210182422573 0.622954458996389 0.008827127869984228
-0.9376373624955783 -0.9385960782585099 0.6229544589959419 0.008827127869990037
-0.7467210182428359 -0.9376373624955957 0.6229544589969792 0.00882712786998004
-0.3400316248731436 0.2405166025797735 -0.9351930725981742 0.008185538986460164
-0.9652919051084328 -0.340031624872577 -0.9351930725981473 0.008185538986463686
0.2405166025801019 -0.9652919051086309 -0.9351930725981669 0.008185538986433974
-0.4027298204212719 -0.09302815128242127 -0.7428872152800948 0.03387610113488517
-0.7613548130161666 -0.4027298204213297 -0.7428872152804732 0.03387610113487612
-0.09302815128201269 -0.7613548130165168 -0.7428872152800837 0.0338761011348692
-0.1650474962583801 -0.191245971023263 -0.6773257156576787 0.0167574878750022
-0.966380817060703 -0.165047496258184 -0.6773257156578382 0.01675748787498495
-0.1912459710232673 -0.966380817060802 -0.6773257156578504 0.01675748787495921
-0.9296208354624638 0.5611444916487769 -0.9338528003489132 0.009313281339996727
-0.6976708558367206 -0.929620835462583 -0.9338528003488458 0.009313281340003176
0.5611444916483015 -0.6976708558369646 -0.9338528003488543 0.009313281340004845
-0.9538054824488602 0.2678560687807144 -0.6532782814526801 0.01753135755552537
-0.6607723048792103 -0.9538054824488869 -0.6532782814525367 0.01753135755551547
0.267856068780603 -0.6607723048791951 -0.6532782814524829 0.01753135755551264
-0.6459632979621646 0.2671751306287957 -0.6698938893072007 0.01827560624231835
-0.9513179433594532 -0.6459632979621063 -0.6698938893072497 0.01827560624231354
0.2671751306285224 -0.9513179433594716 -0.6698938893069852 0.01827560624230718
-0.2979381466761733 -0.9394121244845913 -0.9346788398934702 0.01218397324826652
0.1720291110545033 -0.2979381466764565 -0.93467883989342 0.01218397324827249
-0.9394121244845574 0.1720291110549545 -0.9346788398934556 0.01218397324827925
-0.343308957052317 -0.3959961853467097 -0.3939477421158102 0.03576925978360337
-0.8667471154851962 -0.3433089570523432 -0.3939477421162903 0.03576925978361186
-0.395996185346512 -0.8667471154853744 -0.3939477421158435 0.03576925978361611
-0.9746471367028977 -0.1725977431009272 -0.1818495519762574 0.01498958846787545
-0.6709055682201694 -0.9746471367029086 -0.1818495519761044 0.01498958846785876
-0.1725977431011306 -0.6709055682199779 -0.1818495519759867 0.0149895884678688
-0.3209738747577237 -0.7585737767283823 -0.1778146850102663 0.03745674993988912
-0.7426376635037393 -0.320973874758196 -0.1778146850100838 0.0374567499399218
-0.758573776728289 -0.7426376635036127 -0.1778146850099773 0.03745674993992859
-0.8339501062356643 -0.6994624194965924 -0.9230064362620708 0.01667130533373334
0.4564189619948547 -0.8339501062360732 -0.9230064362620121 0.01667130533371326
-0.6994624194964894 0.4564189619941376 -0.9230064362620096 0.01667130533372231
-0.735065978510457 0.03183363322854889 -0.785107076829883 0.03643106559328949
-0.511660577888192 -0.7350659785107161 -0.7851070768296919 0.03643106559329401
0.03183363322888239 -0.5116605778886709 -0.7851070768296159 0.03643106559330702
-0.1747983276416605 -0.9754391428751309 -0.2041912756285659 0.01575595091854843
-0.6455712538545869 -0.1747983276415959 -0.2041912756288684 0.01575595091860259
-0.9754391428751118 -0.6455712538545153 -0.2041912756288133 0.01575595091855974
0.6298045658810059 -0.9355894271645715 -0.7612464097273302 0.009531695272862314
-0.9329687289891603 0.6298045658815961 -0.7612464097278605 0.009531695272852881
-0.935589427164543 -0.9329687289891651 -0.7612464097282768 0.009531695272855823
-0.9412897662791638 -0.6484007855013953 0.2416830208712831 0.02221923927343593
-0.6519924690908426 -0.9412897662792561 0.2416830208714436 0.02221923927340425
-0.6484007855015702 -0.6519924690907442 0.2416830208715526 0.02221923927340949
0.1985476022784536 -0.9377107750198261 -0.326804947233945 0.01356664812179152
-0.9340318800246465 0.1985476022790324 -0.3268049472345868 0.01356664812180097
-0.9377107750198432 -0.9340318800246412 -0.3268049472349762 0.01356664812179412
-0.9285218311769171 -0.3241021603471451 0.1850657403417951 0.01518962478003038
-0.9324417488177632 -0.928521831176909 0.1850657403414275 0.01518962478002416
-0.3241021603478104 -0.9324417488177208 0.1850657403424453 0.01518962478003236
-0.6384795008595459 0.1193201777109193 -0.9851224085376649 0.01094939643308055
-0.4957182683133579 -0.638479500859887 -0.9851224085376012 0.01094939643309527
0.1193201777114047 -0.4957182683139326 -0.9851224085375706 0.01094939643309776
-0.9866658391033001 0.893439696584713 -0.9838649888761907 0.001053465486327635
-0.9229088686052509 -0.986665839102682 -0.9838649888764406 0.001053465486335803
0.8934396965837036 -0.9229088686050394 -0.9838649888756518 0.001053465486342203
-0.7928126795048904 0.7480502655298644 -0.9628913698913086 0.002256754452207803
-0.9923462161339118 -0.7928126795039944 -0.9628913698913257 0.002256754452196207
0.7480502655303354 -0.992346216133941 -0.9628913698912855 0.002256754452192912
-0.4858560384748986 -0.4858560384751444 -0.5424318845750749 0.06210469597922557
-0.9903102209448552 -0.9903102209444652 0.9709306628334797 0.0005092217550654404
-0.6660804613648394 -0.6660804613655873 -0.001758615903775734 0.01567347452275819
-0.3635875983588154 -0.3635875983593523 -0.9092372049227418 0.03721542358429888
-0.732680100934778 -0.7326801009352153 0.198040302805055 0.01522263115666368
