-0.8145294993782175 -0.8145294993782174 0.4435884981346527 0.09799072415514945
-0.09100740825129933 -0.9089925917487008 -0.09100740825129855 0.05672802770277532
-0.9089925917487004 -0.09100740825129933 -0.09100740825129978 0.05672802770277532
-0.908992591748701 -0.9089925917487003 -0.09100740825129978 0.05672802770277547
-0.3782281614733989 -0.3782281614733989 -0.8653155155798034 0.1502505676240209
-0.8653155155798035 -0.3782281614733985 -0.3782281614733987 0.1502505676240209
-0.3782281614733992 -0.865315515579803 -0.3782281614733987 0.1502505676240209
-0.3782281614733984 -0.3782281614733985 -0.3782281614733987 0.1502505676240209
0.4435884981346524 -0.8145294993782172 -0.8145294993782176 0.0979907241551493
-0.8145294993782175 -0.8145294993782172 -0.8145294993782176 0.09799072415514945
-0.8145294993782173 0.4435884981346519 -0.8145294993782176 0.0979907241551493
-0.0910074082512988 -0.0910074082512992 -0.9089925917487013 0.05672802770277532
-0.09100740825129955 -0.9089925917487008 -0.9089925917487001 0.05672802770277532
-0.9089925917487007 -0.0910074082512992 -0.9089925917487013 0.05672802770277532
