-0.22974749632343772 -0.9578064794597965 0.0002033719447342634
0.18755397578323402 -0.22974749632343783 0.0002033719447342634
-0.9578064794597967 0.18755397578323535 0.0002033719447342634
0.18755397578323424 -0.9578064794597965 0.0002033719447342634
-0.22974749632343805 0.18755397578323413 0.0002033719447342634
-0.9578064794597962 -0.22974749632343733 0.0002033719447342634
-0.8943598653090019 -0.9932237756992202 0.0013080959331750216
0.8875836410082223 -0.8943598653090024 0.0013080959331750216
-0.993223775699219 0.8875836410082216 0.0013080959331750216
0.8875836410082221 -0.9932237756992202 0.0013080959331750216
-0.8943598653090017 0.8875836410082216 0.0013080959331750216
-0.9932237756992208 -0.8943598653090024 0.0013080959331750216
-0.9080348096917452 -0.9080348096917457 0.004597933137618233
0.8160696193834911 -0.9080348096917457 0.004597933137618233
-0.9080348096917457 0.8160696193834915 0.004597933137618233
-0.8982024694337363 -0.9635833424010554 0.0030396233165232824
0.8617858118347914 -0.8982024694337369 0.0030396233165232824
-0.9635833424010554 0.8617858118347934 0.0030396233165232824
0.8617858118347927 -0.9635833424010554 0.0030396233165232824
-0.8982024694337372 0.8617858118347934 0.0030396233165232824
-0.963583342401056 -0.8982024694337358 0.0030396233165232824
-0.9583225049700623 -0.9583225049700634 0.002199361132926405
0.9166450099401253 -0.9583225049700623 0.002199361132926405
-0.9583225049700623 0.9166450099401249 0.002199361132926405
-0.741751255854783 -0.878978458713376 0.009339275367891873
0.6207297145681585 -0.741751255854783 0.009339275367891873
-0.8789784587133755 0.620729714568159 0.009339275367891873
0.620729714568159 -0.878978458713376 0.009339275367891873
-0.741751255854783 0.620729714568159 0.009339275367891873
-0.8789784587133755 -0.741751255854783 0.009339275367891873
-0.8243641944449505 -0.9281602172728451 0.005904231261124373
0.7525244117177954 -0.8243641944449507 0.005904231261124373
-0.9281602172728443 0.7525244117177958 0.005904231261124373
0.7525244117177956 -0.9281602172728451 0.005904231261124373
-0.8243641944449507 0.7525244117177958 0.005904231261124373
-0.9281602172728447 -0.8243641944449507 0.005904231261124373
-0.8484756516264176 -0.8484756516264187 0.007994746907298714
0.6969513032528358 -0.8484756516264176 0.007994746907298714
-0.8484756516264187 0.6969513032528374 0.007994746907298714
-0.24679603896490843 -0.5064079220701831 0.02348001318251524
-0.24679603896490881 -0.24679603896490832 0.02348001318251524
-0.5064079220701829 -0.24679603896490815 0.02348001318251524
-0.4528925239503617 -0.6718779426595745 0.01972186062580951
0.12477046660993646 -0.45289252395036095 0.01972186062580951
-0.6718779426595742 0.12477046660993663 0.01972186062580951
0.12477046660993629 -0.6718779426595745 0.01972186062580951
-0.4528925239503613 0.12477046660993663 0.01972186062580951
-0.6718779426595756 -0.45289252395036095 0.01972186062580951
-0.8110458687352515 -0.978633472952823 0.0034525465176834073
0.7896793416880747 -0.8110458687352513 0.0034525465176834073
-0.9786334729528232 0.7896793416880756 0.0034525465176834073
0.7896793416880745 -0.978633472952823 0.0034525465176834073
-0.8110458687352516 0.7896793416880756 0.0034525465176834073
-0.9786334729528232 -0.8110458687352513 0.0034525465176834073
-0.42528832035567 -0.42528832035567 0.023522415278827348
-0.14942335928866007 -0.4252883203556699 0.023522415278827348
-0.4252883203556701 -0.1494233592886598 0.023522415278827348
-0.17769553339279834 -0.9377346393872532 0.010072365002667893
0.11543017278005147 -0.17769553339279887 0.010072365002667893
-0.937734639387253 0.11543017278005213 0.010072365002667893
0.11543017278005169 -0.9377346393872532 0.010072365002667893
-0.17769553339279903 0.11543017278005213 0.010072365002667893
-0.9377346393872532 -0.17769553339279773 0.010072365002667893
-0.28110486100348975 -0.7336147535565885 0.019315760458893688
0.014719614560077587 -0.2811048610034891 0.019315760458893688
-0.7336147535565882 0.014719614560078365 0.019315760458893688
0.014719614560078254 -0.7336147535565885 0.019315760458893688
-0.2811048610034892 0.014719614560078365 0.019315760458893688
-0.7336147535565885 -0.28110486100348886 0.019315760458893688
-0.22317982933912595 -0.851405361525412 0.015223830041771814
0.0745851908645378 -0.2231798293391256 0.015223830041771814
-0.851405361525412 0.07458519086453824 0.015223830041771814
0.07458519086453808 -0.851405361525412 0.015223830041771814
-0.2231798293391261 0.07458519086453824 0.015223830041771814
-0.8514053615254114 -0.22317982933912525 0.015223830041771814
-0.34928991331588494 -0.5896670043704761 0.022131727775198323
-0.06104308231363881 -0.34928991331588444 0.022131727775198323
-0.5896670043704766 -0.06104308231363886 0.022131727775198323
-0.06104308231363892 -0.5896670043704761 0.022131727775198323
-0.34928991331588455 -0.06104308231363886 0.022131727775198323
-0.5896670043704768 -0.34928991331588416 0.022131727775198323
-0.6504390410378638 -0.8195607877496485 0.013007679425299462
0.46999982878751284 -0.6504390410378637 0.013007679425299462
-0.8195607877496494 0.4699998287875133 0.013007679425299462
0.4699998287875122 -0.8195607877496485 0.013007679425299462
-0.6504390410378629 0.46999982878751206 0.013007679425299462
-0.8195607877496498 -0.6504390410378624 0.013007679425299462
-0.6116707637008731 -0.9121682541909777 0.009665374506970205
0.5238390178918508 -0.6116707637008735 0.009665374506970205
-0.9121682541909775 0.5238390178918513 0.009665374506970205
0.5238390178918508 -0.9121682541909777 0.009665374506970205
-0.6116707637008736 0.5238390178918513 0.009665374506970205
-0.9121682541909779 -0.6116707637008723 0.009665374506970205
-0.051175002194308816 -0.8976499956113824 0.012968450427677058
-0.05117500219430854 -0.051175002194308816 0.012968450427677058
-0.897649995611383 -0.051175002194307706 0.012968450427677058
-0.5033442531908414 -0.862072340070797 0.01318702893549889
0.36541659326163906 -0.5033442531908423 0.01318702893549889
-0.8620723400707966 0.3654165932616394 0.01318702893549889
0.3654165932616386 -0.862072340070797 0.01318702893549889
-0.5033442531908426 0.3654165932616394 0.01318702893549889
-0.8620723400707975 -0.5033442531908411 0.01318702893549889
-0.5540159174775975 -0.749636403714227 0.016570533026201352
0.303652321191825 -0.5540159174775978 0.016570533026201352
-0.7496364037142271 0.303652321191826 0.016570533026201352
0.30365232119182556 -0.749636403714227 0.016570533026201352
-0.5540159174775985 0.303652321191826 0.016570533026201352
-0.7496364037142271 -0.5540159174775978 0.016570533026201352
-0.7007911529020974 -0.9906594028774331 0.0027988587708061806
0.6914505557795312 -0.7007911529020983 0.0027988587708061806
-0.9906594028774334 0.6914505557795327 0.0027988587708061806
0.6914505557795316 -0.9906594028774331 0.0027988587708061806
-0.7007911529020976 0.6914505557795314 0.0027988587708061806
-0.9906594028774336 -0.700791152902097 0.0027988587708061806
-0.7776545974283087 -0.7776545974283084 0.011666867359108471
0.5553091948566173 -0.7776545974283084 0.011666867359108471
-0.7776545974283091 0.5553091948566182 0.011666867359108471
-0.016270076084620222 -0.9674598478307594 0.007458741886836368
-0.016270076084620888 -0.016270076084620277 0.007458741886836368
-0.9674598478307588 -0.016270076084620277 0.007458741886836368
-0.3432171726157464 -0.9021481549922712 0.012190528064976726
0.24536532760801827 -0.3432171726157466 0.012190528064976726
-0.9021481549922712 0.24536532760801838 0.012190528064976726
0.2453653276080176 -0.9021481549922712 0.012190528064976726
-0.34321717261574713 0.24536532760801838 0.012190528064976726
-0.9021481549922719 -0.3432171726157461 0.012190528064976726
-0.6982245544742538 -0.6982245544742544 0.015374621371927417
0.3964491089485082 -0.6982245544742544 0.015374621371927417
-0.6982245544742544 0.39644910894850877 0.015374621371927417
-0.7152289993509142 -0.9506835004435856 0.0062864122963185946
0.6659124997944994 -0.7152289993509147 0.0062864122963185946
-0.9506835004435852 0.6659124997945005 0.0062864122963185946
0.6659124997944998 -0.9506835004435856 0.0062864122963185946
-0.7152289993509142 0.6659124997945005 0.0062864122963185946
-0.9506835004435861 -0.7152289993509136 0.0062864122963185946
-0.1523194005592619 -0.9880801135005122 0.0044626635867066064
0.1403995140597742 -0.15231940055926238 0.0044626635867066064
-0.9880801135005113 0.14039951405977447 0.0044626635867066064
0.14039951405977408 -0.9880801135005122 0.0044626635867066064
-0.1523194005592622 0.14039951405977447 0.0044626635867066064
-0.9880801135005124 -0.15231940055926121 0.0044626635867066064
-0.9916840852153617 -0.9916840852153626 0.00045392271354188736
0.9833681704307238 -0.9916840852153614 0.00045392271354188736
-0.9916840852153648 0.9833681704307298 0.00045392271354188736
-0.5191301791723666 -0.5191301791723667 0.021627398632539346
0.03826035834473279 -0.5191301791723656 0.021627398632539346
-0.5191301791723667 0.038260358344733514 0.021627398632539346
-0.46461916131138853 -0.942962554315429 0.008871461946883935
0.4075817156268186 -0.464619161311389 0.008871461946883935
-0.9429625543154296 0.40758171562681916 0.008871461946883935
0.4075817156268175 -0.942962554315429 0.008871461946883935
-0.4646191613113886 0.40758171562681916 0.008871461946883935
-0.9429625543154301 -0.4646191613113878 0.008871461946883935
-0.16897680651032573 -0.6620463869793485 0.021294889684977947
-0.1689768065103251 -0.16897680651032576 0.021294889684977947
-0.6620463869793496 -0.16897680651032462 0.021294889684977947
-0.0009156346769760848 -0.9981687306460476 0.0015218523324362003
-0.000915634676977195 -0.0009156346769755852 0.0015218523324362003
-0.9981687306460472 -0.0009156346769755852 0.0015218523324362003
-0.30917724209419717 -0.9688747133979696 0.006976654691487674
0.2780519554921667 -0.30917724209419756 0.006976654691487674
-0.9688747133979698 0.2780519554921676 0.006976654691487674
0.27805195549216694 -0.9688747133979696 0.006976654691487674
-0.3091772420941978 0.2780519554921676 0.006976654691487674
-0.9688747133979694 -0.30917724209419717 0.006976654691487674
-0.29310096068467245 -0.998148563532133 0.0014636917473402264
0.2912495242168052 -0.29310096068467234 0.0014636917473402264
-0.9981485635321325 0.2912495242168051 0.0014636917473402264
0.29124952421680556 -0.998148563532133 0.0014636917473402264
-0.2931009606846725 0.2912495242168051 0.0014636917473402264
-0.998148563532133 -0.2931009606846719 0.0014636917473402264
-0.10287146824258342 -0.7942570635148332 0.01772187860030611
-0.10287146824258359 -0.10287146824258284 0.01772187860030611
-0.7942570635148336 -0.10287146824258284 0.01772187860030611
-0.3933287210564216 -0.8014275767628287 0.016501594861505944
0.1947562978192507 -0.3933287210564214 0.016501594861505944
-0.8014275767628295 0.19475629781925102 0.016501594861505944
0.19475629781925036 -0.8014275767628287 0.016501594861505944
-0.39332872105642147 0.19475629781925102 0.016501594861505944
-0.8014275767628294 -0.39332872105642114 0.016501594861505944
-0.9564888793596322 -0.9920509882549633 0.0009959351463942382
0.9485398676145953 -0.9564888793596324 0.0009959351463942382
-0.9920509882549624 0.9485398676145946 0.0009959351463942382
0.9485398676145957 -0.9920509882549633 0.0009959351463942382
-0.9564888793596316 0.9485398676145946 0.0009959351463942382
-0.9920509882549633 -0.9564888793596313 0.0009959351463942382
-0.3333333333333335 -0.33333333333333304 0.024201929860342298
-0.5849062634529586 -0.9724407211892627 0.005611636274627461
0.5573469846422214 -0.5849062634529588 0.005611636274627461
-0.9724407211892623 0.5573469846422228 0.005611636274627461
0.5573469846422214 -0.9724407211892627 0.005611636274627461
-0.5849062634529587 0.5573469846422214 0.005611636274627461
-0.9724407211892625 -0.5849062634529588 0.005611636274627461
-0.6112269128420669 -0.6112269128420681 0.018800282074396765
0.22245382568413447 -0.6112269128420669 0.018800282074396765
-0.6112269128420681 0.22245382568413624 0.018800282074396765
-0.5728795209641038 -0.9984557217593462 0.0011553011484695182
0.5713352427234499 -0.5728795209641039 0.0011553011484695182
-0.9984557217593457 0.5713352427234513 0.0011553011484695182
0.5713352427234502 -0.9984557217593462 0.0011553011484695182
-0.5728795209641041 0.5713352427234502 0.0011553011484695182
-0.9984557217593462 -0.5728795209641039 0.0011553011484695182
-0.4412271364355521 -0.9890764182114138 0.003925257610966681
0.4303035546469653 -0.44122713643555245 0.003925257610966681
-0.9890764182114131 0.4303035546469662 0.003925257610966681
0.43030355464696596 -0.9890764182114138 0.003925257610966681
-0.44122713643555206 0.4303035546469662 0.003925257610966681
-0.9890764182114129 -0.44122713643555195 0.003925257610966681
-0.8062661548489053 -0.9999905806179634 0.0005746907092162694
0.8062567354668688 -0.8062661548489053 0.0005746907092162694
-0.9999905806179632 0.8062567354668699 0.0005746907092162694
0.8062567354668688 -0.9999905806179634 0.0005746907092162694
-0.8062661548489061 0.8062567354668699 0.0005746907092162694
-0.9999905806179634 -0.8062661548489053 0.0005746907092162694
