-0.9822888114425899 -0.9647856877462442 0.8971278595980133 0.002326911380407538
-0.9275906561429631 -0.6218510622599334 0.4627347200721783 0.02008502598013749
0.2226730673837683 -0.5385130064107015 -0.988848453939123 0.01316868905984896
-0.9444464840128695 -0.9483863022549349 -0.06691882821816188 0.01350522833433149
-0.6870266299198677 -0.9070277411778146 0.502993072303676 0.02348338158017797
-0.6089078361547958 -0.5007258338842491 0.08358636492361879 0.02082185227170751
-0.9170116819634432 -0.9018293113450075 0.4343547141878999 0.02398518653047994
-0.5580450700023645 -0.484166653691382 -0.9752081532796094 0.02203915573406975
-0.1698468314600223 -0.9137552332442402 -0.01040166136001711 0.03000608795736148
-0.04118669329426861 -0.600186541934157 -0.3598087864992037 0.01706584449682616
-0.8755112010779592 -0.752043021344363 -0.1926904499798824 0.03633991457929744
-0.5749615477649417 -0.9323265238055517 0.0112839019607401 0.04305733418779513
-0.2054490850771143 -0.2342389976685463 -0.8365327435904173 0.0375809145333427
-0.9091052514742826 -0.05573356090065299 -0.1286660109086742 0.0322111252370848
-0.5677206147398416 -0.01281983833195988 -0.9216188536049289 0.04298833779190323
-0.909418500222833 -0.4995451074139229 -0.0137104640818709 0.04873345427684408
-0.1431844585279627 -0.6355079015532782 -0.8761060769063104 0.05542332055396456
-0.7149707401822105 -0.543839631889842 -0.7437125204667648 0.05208361326526754
-0.6374756176581089 -0.9383550558001382 -0.4813072216807797 0.03351878142745156
-0.5009584678400951 -0.6706089881993433 -0.50018889854849 0.07048390494136671
-0.02754950826768038 -0.9151393977087544 -0.4495279454001869 0.04363636633805531
-0.54507590002649 -0.5993385862443937 -0.1020909426726044 0.0743899837303033
-0.6834818133082194 -0.1762075927031755 -0.5852165297187529 0.07113840326380722
-0.9423454821981294 0.02221214382715359 -0.5409185738546889 0.03615671798064747
-0.5409187698728505 -0.03296343941797994 -0.5159648853650391 0.0534650735217734
-0.02937288472386135 -0.5807153942587078 -0.6027600446615375 0.06903949858534458
-0.9547781807266793 -0.4990561561653583 -0.5551307150144428 0.03032496084600489
0.4410223314357434 -0.9264387005305038 -0.5912621521853491 0.01962654290056966
-0.06936967917392713 -0.0763765496634746 -0.9891556333856432 0.009196571088500881
-0.9212395626309886 -0.8990899861365507 -0.6536087826332978 0.02263363901068635
-0.9091309392957807 0.4971491214915261 -0.6734013134012918 0.02318560341668196
-0.1506998918408217 -0.9380989415677337 -0.7275875175496032 0.03007898500466982
-0.5674717022186972 -0.8912339687875325 -0.8974924697322526 0.03133189805159076
-0.5910163725055541 0.4033135521287797 -0.9062626934382535 0.02686228112905257
0.4391466601433898 -0.910439569007936 -0.8880187106357957 0.02739338179275025
-0.9075988357026712 0.4474189900834977 -0.9130023710960992 0.0238650717430572
0.0006593440659526384 -0.9284748582425598 -0.9837758984885883 0.01002820046914775
-0.9178994037090354 -0.1024439844950352 -0.9086292685077639 0.02923266480869545
-0.920286644153154 -0.6712261380303837 -0.9310358490421144 0.01831436341104725
0.5247357699089056 -0.6987245764371495 -0.8951232201425936 0.02051792721654784
-0.003490076435591544 -0.1721574331223598 -0.8404842580661891 0.01582056092943099
-0.9026219907219561 -0.9908576312509686 -0.9556758578066752 0.003395867359123967
-0.939895504448134 0.8816164056632009 -0.9865606423556935 0.002772112756025175
0.9147632521166054 -0.9980562432619695 -0.9679840315374033 0.002018593860153416
