-0.08185572793647089 -0.8362885441270582 0.006327928880567847
-0.08185572793647083 -0.08185572793647028 0.006327928880567847
-0.8362885441270589 -0.08185572793647028 0.006327928880567847
-0.43246897059651856 -0.8954057721959767 0.004970010462285311
0.32787474279249634 -0.4324689705965185 0.004970010462285311
-0.8954057721959774 0.327874742792497 0.004970010462285311
0.32787474279249545 -0.8954057721959767 0.004970010462285311
-0.43246897059651945 0.327874742792497 0.004970010462285311
-0.8954057721959778 -0.43246897059651807 0.004970010462285311
-0.2134639874892797 -0.5730720250214405 0.011723316438217321
-0.2134639874892801 -0.21346398748927975 0.011723316438217321
-0.5730720250214401 -0.21346398748927975 0.011723316438217321
-0.742966870060612 -0.8018404745963177 0.0073929783214136645
0.544807344656929 -0.7429668700606118 0.0073929783214136645
-0.8018404745963177 0.5448073446569306 0.0073929783214136645
0.5448073446569299 -0.8018404745963177 0.0073929783214136645
-0.7429668700606125 0.5448073446569306 0.0073929783214136645
-0.8018404745963181 -0.7429668700606118 0.0073929783214136645
-0.06363482158612871 -0.8727303568277425 0.007860433807402289
-0.0636348215861286 -0.06363482158612871 0.007860433807402289
-0.8727303568277431 -0.06363482158612754 0.007860433807402289
-0.9173849917142773 -0.9958711897013892 0.0006954087979873986
0.9132561814156668 -0.9173849917142773 0.0006954087979873986
-0.9958711897013892 0.9132561814156668 0.0006954087979873986
0.9132561814156668 -0.9958711897013892 0.0006954087979873986
-0.9173849917142767 0.9132561814156668 0.0006954087979873986
-0.9958711897013908 -0.9173849917142762 0.0006954087979873986
-0.8214560398931714 -0.9265396487013031 0.0041476537478815625
0.747995688594475 -0.8214560398931716 0.0041476537478815625
-0.9265396487013031 0.7479956885944747 0.0041476537478815625
0.7479956885944745 -0.9265396487013031 0.0041476537478815625
-0.821456039893171 0.7479956885944747 0.0041476537478815625
-0.9265396487013038 -0.8214560398931705 0.0041476537478815625
-0.3255894153640253 -0.5481083510244289 0.014742082180022546
-0.12630223361154536 -0.32558941536402525 0.014742082180022546
-0.5481083510244295 -0.1263022336115451 0.014742082180022546
-0.12630223361154563 -0.5481083510244289 0.014742082180022546
-0.3255894153640254 -0.1263022336115451 0.014742082180022546
-0.5481083510244285 -0.32558941536402514 0.014742082180022546
-0.45229725175164287 -0.9345976360198922 0.006250796228879714
0.3868948877715351 -0.45229725175164226 0.006250796228879714
-0.9345976360198929 0.38689488777153563 0.006250796228879714
0.3868948877715351 -0.9345976360198922 0.006250796228879714
-0.4522972517516428 0.38689488777153563 0.006250796228879714
-0.9345976360198929 -0.45229725175164226 0.006250796228879714
-0.920167474741161 -0.9738609819113397 0.0018123524289041103
0.8940284566525021 -0.9201674747411619 0.0018123524289041103
-0.9738609819113375 0.8940284566524972 0.0018123524289041103
0.894028456652501 -0.9738609819113397 0.0018123524289041103
-0.9201674747411588 0.8940284566524972 0.0018123524289041103
-0.9738609819113406 -0.9201674747411606 0.0018123524289041103
-0.9649909919074642 -0.9649909919074657 0.0013989395346592022
0.9299819838149304 -0.9649909919074646 0.0013989395346592022
-0.9649909919074646 0.9299819838149292 0.0013989395346592022
-0.3837863344812311 -0.8525647708579678 0.009991255539493388
0.23635110533919962 -0.3837863344812312 0.009991255539493388
-0.852564770857968 0.23635110533920017 0.009991255539493388
0.23635110533919884 -0.8525647708579678 0.009991255539493388
-0.38378633448123106 0.23635110533920017 0.009991255539493388
-0.8525647708579684 -0.38378633448123084 0.009991255539493388
-0.7090397706942784 -0.7090397706942793 0.010404845022087729
0.418079541388557 -0.709039770694278 0.010404845022087729
-0.7090397706942786 0.41807954138855724 0.010404845022087729
-0.5607505737231282 -0.9945922355709136 0.0018513363976998263
0.5553428092940413 -0.5607505737231284 0.0018513363976998263
-0.9945922355709129 0.555342809294042 0.0018513363976998263
0.5553428092940418 -0.9945922355709136 0.0018513363976998263
-0.560750573723129 0.555342809294042 0.0018513363976998263
-0.9945922355709138 -0.5607505737231284 0.0018513363976998263
-0.45307078577143667 -0.5616834731079426 0.016564332925385908
0.014754258879379645 -0.4530707857714373 0.016564332925385908
-0.5616834731079425 0.014754258879379978 0.016564332925385908
0.014754258879379312 -0.5616834731079426 0.016564332925385908
-0.4530707857714372 0.014754258879379978 0.016564332925385908
-0.5616834731079423 -0.4530707857714373 0.016564332925385908
-0.8626339942888948 -0.9585543762369726 0.003073684931614625
0.8211883705258662 -0.8626339942888945 0.003073684931614625
-0.9585543762369717 0.8211883705258671 0.003073684931614625
0.8211883705258665 -0.9585543762369726 0.003073684931614625
-0.8626339942888945 0.8211883705258671 0.003073684931614625
-0.9585543762369717 -0.8626339942888945 0.003073684931614625
-0.6339728003196412 -0.7987565582158476 0.010445481477628747
0.4327293585354898 -0.6339728003196416 0.010445481477628747
-0.7987565582158478 0.4327293585354893 0.010445481477628747
0.43272935853548883 -0.7987565582158476 0.010445481477628747
-0.6339728003196411 0.4327293585354893 0.010445481477628747
-0.7987565582158487 -0.6339728003196404 0.010445481477628747
-0.9939056514672784 -0.993905651467279 0.000248093325306207
0.987811302934557 -0.9939056514672779 0.000248093325306207
-0.9939056514672815 0.987811302934563 0.000248093325306207
-0.5424010335401491 -0.8610203643329817 0.00943678557683982
0.40342139787313075 -0.5424010335401496 0.00943678557683982
-0.8610203643329817 0.4034213978731313 0.00943678557683982
0.40342139787313086 -0.8610203643329817 0.00943678557683982
-0.5424010335401497 0.4034213978731313 0.00943678557683982
-0.8610203643329817 -0.5424010335401483 0.00943678557683982
-0.8825276797759551 -0.8825276797759558 0.005012764433028975
0.765055359551911 -0.8825276797759558 0.005012764433028975
-0.8825276797759558 0.7650553595519118 0.005012764433028975
-0.7962345770261214 -0.8632452891549729 0.007204234009905714
0.6594798661810939 -0.7962345770261219 0.007204234009905714
-0.8632452891549725 0.6594798661810948 0.007204234009905714
0.6594798661810946 -0.8632452891549729 0.007204234009905714
-0.7962345770261218 0.6594798661810948 0.007204234009905714
-0.8632452891549729 -0.7962345770261219 0.007204234009905714
-0.5128726532083652 -0.9713591172733675 0.004740580934786708
0.4842317704817332 -0.5128726532083664 0.004740580934786708
-0.9713591172733669 0.484231770481734 0.004740580934786708
0.48423177048173277 -0.9713591172733675 0.004740580934786708
-0.512872653208366 0.484231770481734 0.004740580934786708
-0.9713591172733673 -0.5128726532083653 0.004740580934786708
-0.588224566964197 -0.9220642865154118 0.007220979666751595
0.5102888534796088 -0.5882245669641977 0.007220979666751595
-0.9220642865154118 0.5102888534796097 0.007220979666751595
0.5102888534796091 -0.9220642865154118 0.007220979666751595
-0.5882245669641979 0.5102888534796097 0.007220979666751595
-0.9220642865154116 -0.5882245669641966 0.007220979666751595
-0.5962609822247944 -0.701207076164111 0.013080909061491041
0.29746805838890583 -0.5962609822247936 0.013080909061491041
-0.7012070761641116 0.29746805838890583 0.013080909061491041
0.2974680583889055 -0.701207076164111 0.013080909061491041
-0.596260982224794 0.29746805838890583 0.013080909061491041
-0.7012070761641123 -0.5962609822247936 0.013080909061491041
-0.681767957978909 -0.875543576362094 0.008158442960625213
0.5573115343410031 -0.6817679579789102 0.008158442960625213
-0.8755435763620938 0.5573115343410042 0.008158442960625213
0.5573115343410031 -0.875543576362094 0.008158442960625213
-0.68176795797891 0.5573115343410042 0.008158442960625213
-0.8755435763620933 -0.6817679579789091 0.008158442960625213
-0.6441047282888157 -0.9647615170590287 0.004651277836211669
0.6088662453478446 -0.644104728288817 0.004651277836211669
-0.9647615170590271 0.6088662453478446 0.004651277836211669
0.6088662453478444 -0.9647615170590287 0.004651277836211669
-0.6441047282888163 0.6088662453478446 0.004651277836211669
-0.964761517059028 -0.6441047282888158 0.004651277836211669
-0.675926504100615 -0.9921045446695758 0.0020114880441665303
0.668031048770191 -0.6759265041006159 0.0020114880441665303
-0.9921045446695749 0.6680310487701917 0.0020114880441665303
0.668031048770191 -0.9921045446695758 0.0020114880441665303
-0.6759265041006157 0.6680310487701917 0.0020114880441665303
-0.9921045446695749 -0.6759265041006159 0.0020114880441665303
-0.4162900322829511 -0.9941376402276538 0.0022863235428234887
0.41042767251060536 -0.4162900322829507 0.0022863235428234887
-0.994137640227654 0.41042767251060636 0.0022863235428234887
0.4104276725106049 -0.9941376402276538 0.0022863235428234887
-0.41629003228295114 0.41042767251060636 0.0022863235428234887
-0.9941376402276549 -0.41629003228295025 0.0022863235428234887
-0.25624261650082153 -0.9944440380351229 0.0023769226450165116
0.2506866545359447 -0.2562426165008215 0.0023769226450165116
-0.9944440380351227 0.25068665453594546 0.0023769226450165116
0.25068665453594446 -0.9944440380351229 0.0023769226450165116
-0.2562426165008217 0.25068665453594546 0.0023769226450165116
-0.9944440380351234 -0.256242616500821 0.0023769226450165116
-0.7300612546950693 -0.9313556283282993 0.0058104378904218455
0.6614168830233684 -0.7300612546950689 0.0058104378904218455
-0.9313556283282995 0.6614168830233693 0.0058104378904218455
0.6614168830233687 -0.9313556283282993 0.0058104378904218455
-0.7300612546950696 0.6614168830233693 0.0058104378904218455
-0.9313556283282995 -0.7300612546950689 0.0058104378904218455
-0.9252328849965066 -0.9252328849965068 0.003415100407831459
0.8504657699930134 -0.9252328849965068 0.003415100407831459
-0.9252328849965092 0.8504657699930185 0.003415100407831459
-0.42899044341747217 -0.42899044341747167 0.017971219037610012
-0.1420191131650562 -0.42899044341747156 0.017971219037610012
-0.4289904434174718 -0.1420191131650564 0.017971219037610012
-0.49509314018715606 -0.7825519213161498 0.012653430395173134
0.2776450615033072 -0.49509314018715644 0.012653430395173134
-0.7825519213161503 0.2776450615033064 0.012653430395173134
0.277645061503306 -0.7825519213161498 0.012653430395173134
-0.4950931401871562 0.2776450615033064 0.012653430395173134
-0.7825519213161503 -0.49509314018715533 0.012653430395173134
-0.15933299645997148 -0.6813340070800569 0.015875408550240895
-0.1593329964599715 -0.15933299645997093 0.015875408550240895
-0.6813340070800575 -0.15933299645997093 0.015875408550240895
-0.3515296717833916 -0.9701017841839088 0.005451372441440247
0.32163145596730053 -0.351529671783391 0.005451372441440247
-0.9701017841839092 0.3216314559673004 0.005451372441440247
0.3216314559673004 -0.9701017841839088 0.005451372441440247
-0.3515296717833912 0.3216314559673004 0.005451372441440247
-0.9701017841839097 -0.3515296717833904 0.005451372441440247
-0.5846211566922741 -0.5846211566922737 0.01549710638533495
0.16924231338454782 -0.5846211566922737 0.01549710638533495
-0.5846211566922743 0.1692423133845486 0.01549710638533495
-0.015607454089378192 -0.9687850918212435 0.006071795109068873
-0.015607454089378858 -0.015607454089378192 0.006071795109068873
-0.9687850918212428 -0.015607454089378192 0.006071795109068873
-0.1251676187067488 -0.9253518456814727 0.009043183199610333
0.05051946438822147 -0.12516761870674886 0.009043183199610333
-0.9253518456814733 0.050519464388222746 0.009043183199610333
0.05051946438822147 -0.9253518456814727 0.009043183199610333
-0.12516761870674775 0.05051946438822158 0.009043183199610333
-0.9253518456814731 -0.1251676187067477 0.009043183199610333
-0.08800239267758114 -0.9940734561367264 0.0025783485548588397
0.08207584881430757 -0.08800239267758103 0.0025783485548588397
-0.9940734561367257 0.08207584881430752 0.0025783485548588397
0.08207584881430763 -0.9940734561367264 0.0025783485548588397
-0.08800239267758173 0.08207584881430752 0.0025783485548588397
-0.9940734561367264 -0.08800239267758103 0.0025783485548588397
-0.8490254285988632 -0.9915940436784534 0.0016333678363455618
0.8406194722773168 -0.8490254285988637 0.0016333678363455618
-0.991594043678454 0.8406194722773195 0.0016333678363455618
0.8406194722773168 -0.9915940436784534 0.0016333678363455618
-0.8490254285988645 0.8406194722773195 0.0016333678363455618
-0.9915940436784536 -0.8490254285988625 0.0016333678363455618
-0.34789174669410605 -0.7714516252390917 0.013895558647104475
0.11934337193319833 -0.34789174669410655 0.013895558647104475
-0.771451625239091 0.119343371933198 0.013895558647104475
0.11934337193319794 -0.7714516252390917 0.013895558647104475
-0.34789174669410694 0.119343371933198 0.013895558647104475
-0.7714516252390918 -0.34789174669410633 0.013895558647104475
-0.1976008229890234 -0.7742238293741573 0.01419723587898061
-0.028175347636819614 -0.1976008229890228 0.01419723587898061
-0.7742238293741577 -0.02817534763681867 0.01419723587898061
-0.028175347636819226 -0.7742238293741573 0.01419723587898061
-0.19760082298902365 -0.02817534763681867 0.01419723587898061
-0.7742238293741576 -0.1976008229890228 0.01419723587898061
-0.462478679317472 -0.679606644200488 0.015383840697155881
0.14208532351796016 -0.46247867931747233 0.015383840697155881
-0.6796066442004882 0.14208532351796033 0.015383840697155881
0.14208532351796 -0.679606644200488 0.015383840697155881
-0.4624786793174721 0.14208532351796033 0.015383840697155881
-0.6796066442004884 -0.46247867931747116 0.015383840697155881
-0.18797059485224552 -0.9696897427194209 0.005850438037448205
0.1576603375716667 -0.18797059485224527 0.005850438037448205
-0.9696897427194218 0.15766033757166747 0.005850438037448205
0.15766033757166648 -0.9696897427194209 0.005850438037448205
-0.1879705948522457 0.15766033757166747 0.005850438037448205
-0.9696897427194213 -0.18797059485224527 0.005850438037448205
-0.2868688120339477 -0.4262623759321046 0.019951987220765154
-0.2868688120339478 -0.2868688120339473 0.019951987220765154
-0.4262623759321047 -0.2868688120339473 0.019951987220765154
-0.2329793063313201 -0.8599156369991237 0.012113393992971573
0.09289494333044368 -0.23297930633131933 0.012113393992971573
-0.8599156369991245 0.09289494333044501 0.012113393992971573
0.09289494333044385 -0.8599156369991237 0.012113393992971573
-0.2329793063313199 0.09289494333044385 0.012113393992971573
-0.8599156369991243 -0.2329793063313191 0.012113393992971573
-0.967105870726114 -0.993114022996838 0.000667411266237675
0.9602198937229522 -0.967105870726114 0.000667411266237675
-0.9931140229968363 0.9602198937229487 0.000667411266237675
0.9602198937229522 -0.993114022996838 0.000667411266237675
-0.9671058707261115 0.9602198937229487 0.000667411266237675
-0.9931140229968385 -0.9671058707261129 0.000667411266237675
-0.29140442767461 -0.9246647710426459 0.009058937841897671
0.21606919871725622 -0.29140442767461033 0.009058937841897671
-0.9246647710426452 0.21606919871725655 0.009058937841897671
0.216069198717256 -0.9246647710426459 0.009058937841897671
-0.2914044276746102 0.21606919871725655 0.009058937841897671
-0.9246647710426461 -0.2914044276746099 0.009058937841897671
-0.31600964840336776 -0.6680031466465683 0.016805074828639584
-0.01598720495006306 -0.31600964840336776 0.016805074828639584
-0.6680031466465686 -0.01598720495006295 0.016805074828639584
-0.015987204950063838 -0.6680031466465683 0.016805074828639584
-0.31600964840336754 -0.01598720495006295 0.016805074828639584
-0.6680031466465693 -0.3160096484033673 0.016805074828639584
-0.7694222178414427 -0.9759349377776703 0.0036219437048068295
0.7453571556191125 -0.7694222178414429 0.0036219437048068295
-0.9759349377776696 0.7453571556191134 0.0036219437048068295
0.7453571556191132 -0.9759349377776703 0.0036219437048068295
-0.7694222178414427 0.7453571556191134 0.0036219437048068295
-0.9759349377776705 -0.7694222178414429 0.0036219437048068295
-0.7669437963751953 -0.9994035566369595 0.0005845713263656537
0.7663473530121547 -0.7669437963751954 0.0005845713263656537
-0.9994035566369595 0.766347353012155 0.0005845713263656537
0.766347353012155 -0.9994035566369595 0.0005845713263656537
-0.7669437963751944 0.766347353012155 0.0005845713263656537
-0.9994035566369599 -0.7669437963751943 0.0005845713263656537
