-0.301644991691218 -0.39671001661756383 0.008629313916667042
-0.30164499169121806 -0.30164499169121783 0.008629313916667042
-0.39671001661756394 -0.30164499169121783 0.008629313916667042
-0.9735635304514765 -0.986147783762011 0.00042556401304988997
0.9597113142134874 -0.9735635304514769 0.00042556401304988997
-0.9861477837620087 0.9597113142134848 0.00042556401304988997
0.9597113142134874 -0.986147783762011 0.00042556401304988997
-0.9735635304514751 0.9597113142134848 0.00042556401304988997
-0.9861477837620105 -0.9735635304514769 0.00042556401304988997
-0.6358517134768815 -0.836728305778029 0.004502965489857219
0.47258001925491105 -0.635851713476882 0.004502965489857219
-0.8367283057780286 0.47258001925491117 0.004502965489857219
0.4725800192549106 -0.836728305778029 0.004502965489857219
-0.6358517134768815 0.47258001925491117 0.004502965489857219
-0.8367283057780295 -0.6358517134768809 0.004502965489857219
-0.6988381453645971 -0.8276072680225337 0.004530140230976069
0.5264454133871308 -0.6988381453645977 0.004530140230976069
-0.8276072680225337 0.5264454133871315 0.004530140230976069
0.5264454133871308 -0.8276072680225337 0.004530140230976069
-0.6988381453645971 0.5264454133871315 0.004530140230976069
-0.8276072680225348 -0.6988381453645964 0.004530140230976069
-0.3942069117641713 -0.394206911764171 0.009398342462503815
-0.21158617647165784 -0.3942069117641709 0.009398342462503815
-0.39420691176417116 -0.2115861764716577 0.009398342462503815
-0.8471340346865857 -0.8994136389396168 0.0028054591493604946
0.7465476736262029 -0.8471340346865857 0.0028054591493604946
-0.8994136389396175 0.7465476736262036 0.0028054591493604946
0.7465476736262027 -0.8994136389396168 0.0028054591493604946
-0.8471340346865852 0.7465476736262036 0.0028054591493604946
-0.8994136389396177 -0.8471340346865843 0.0028054591493604946
-0.9723347678047416 -0.9979022021001649 0.0001956198336253195
0.9702369699049072 -0.9723347678047418 0.0001956198336253195
-0.9979022021001649 0.9702369699049072 0.0001956198336253195
0.9702369699049067 -0.9979022021001649 0.0001956198336253195
-0.9723347678047414 0.9702369699049072 0.0001956198336253195
-0.9979022021001656 -0.9723347678047407 0.0001956198336253195
-0.9465095455138484 -0.9799590048692952 0.0008077259736069862
0.9264685503831431 -0.9465095455138484 0.0008077259736069862
-0.9799590048692961 0.9264685503831458 0.0008077259736069862
0.9264685503831436 -0.9799590048692952 0.0008077259736069862
-0.9465095455138486 0.9264685503831458 0.0008077259736069862
-0.9799590048692963 -0.946509545513847 0.0008077259736069862
-0.8989361950753962 -0.8989361950753973 0.0024729848194106905
0.7978723901507943 -0.8989361950753962 0.0024729848194106905
-0.8989361950753976 0.7978723901507949 0.0024729848194106905
-0.257619526494971 -0.5926514939096401 0.010307310641226143
-0.14972897959538864 -0.25761952649497066 0.010307310641226143
-0.592651493909641 -0.14972897959538797 0.010307310641226143
-0.149728979595389 -0.5926514939096401 0.010307310641226143
-0.257619526494971 -0.14972897959538797 0.010307310641226143
-0.5926514939096408 -0.25761952649497055 0.010307310641226143
-0.26221005441576345 -0.6813466322521331 0.009018942112767868
-0.056443313332104394 -0.26221005441576306 0.009018942112767868
-0.6813466322521331 -0.05644331333210384 0.009018942112767868
-0.05644331333210345 -0.6813466322521331 0.009018942112767868
-0.26221005441576306 -0.05644331333210384 0.009018942112767868
-0.6813466322521327 -0.26221005441576273 0.009018942112767868
-0.15698121424258124 -0.6860375715148376 0.0090319947563862
-0.15698121424258138 -0.15698121424258119 0.0090319947563862
-0.6860375715148374 -0.15698121424258119 0.0090319947563862
-0.7858508402137598 -0.8932625948706083 0.003829177934412041
0.6791134350843682 -0.7858508402137601 0.003829177934412041
-0.8932625948706077 0.6791134350843684 0.003829177934412041
0.6791134350843682 -0.8932625948706083 0.003829177934412041
-0.7858508402137605 0.6791134350843695 0.003829177934412041
-0.8932625948706079 -0.7858508402137601 0.003829177934412041
-0.7695641756652795 -0.8294078710153672 0.005212530365998606
0.598972046680647 -0.7695641756652801 0.005212530365998606
-0.8294078710153672 0.5989720466806474 0.005212530365998606
0.5989720466806467 -0.8294078710153672 0.005212530365998606
-0.7695641756652796 0.5989720466806474 0.005212530365998606
-0.8294078710153674 -0.769564175665279 0.005212530365998606
-0.050745951314082605 -0.8985080973718347 0.005888962132548519
-0.05074595131408266 -0.050745951314082605 0.005888962132548519
-0.8985080973718353 -0.05074595131408144 0.005888962132548519
-0.16407429206020077 -0.8970354041418664 0.006152314548573291
0.06110969620206713 -0.16407429206020027 0.006152314548573291
-0.8970354041418669 0.061109696202067854 0.006152314548573291
0.06110969620206724 -0.8970354041418664 0.006152314548573291
-0.16407429206020088 0.061109696202067854 0.006152314548573291
-0.8970354041418669 -0.16407429206020027 0.006152314548573291
-0.8408543158615118 -0.840854315861512 0.004166004972789459
0.6817086317230241 -0.840854315861512 0.004166004972789459
-0.8408543158615127 0.6817086317230254 0.004166004972789459
-0.9074014801681367 -0.9448927371210525 0.0020656246250237817
0.8522942172891894 -0.9074014801681367 0.0020656246250237817
-0.9448927371210556 0.8522942172891952 0.0020656246250237817
0.8522942172891892 -0.9448927371210525 0.0020656246250237817
-0.9074014801681389 0.8522942172891952 0.0020656246250237817
-0.9448927371210532 -0.9074014801681356 0.0020656246250237817
-0.3499401253680008 -0.7625959456621184 0.008708722460825692
0.11253607103011948 -0.3499401253680009 0.008708722460825692
-0.7625959456621192 0.11253607103012031 0.008708722460825692
0.11253607103011926 -0.7625959456621184 0.008708722460825692
-0.3499401253680011 0.11253607103012031 0.008708722460825692
-0.7625959456621185 -0.3499401253680007 0.008708722460825692
-0.5539570862930917 -0.8298768456606145 0.006784175835646083
0.38383393195370646 -0.5539570862930929 0.006784175835646083
-0.8298768456606147 0.38383393195370746 0.006784175835646083
0.38383393195370624 -0.8298768456606145 0.006784175835646083
-0.553957086293092 0.38383393195370624 0.006784175835646083
-0.829876845660614 -0.5539570862930917 0.006784175835646083
-0.23551983949643338 -0.7637449831176152 0.009066313409207055
-0.0007351773859511357 -0.23551983949643368 0.009066313409207055
-0.7637449831176157 -0.000735177385950303 0.009066313409207055
-0.0007351773859513577 -0.7637449831176152 0.009066313409207055
-0.23551983949643382 -0.000735177385950303 0.009066313409207055
-0.7637449831176153 -0.2355198394964332 0.009066313409207055
-0.3626379663918844 -0.4945832986945172 0.010739438615129352
-0.1427787349135986 -0.3626379663918847 0.010739438615129352
-0.494583298694517 -0.14277873491359777 0.010739438615129352
-0.14277873491359838 -0.4945832986945172 0.010739438615129352
-0.36263796639188506 -0.14277873491359777 0.010739438615129352
-0.49458329869451667 -0.3626379663918846 0.010739438615129352
-0.3677951416054158 -0.5885081175836564 0.010022503780535342
-0.04369674081092706 -0.3677951416054159 0.010022503780535342
-0.5885081175836566 -0.04369674081092678 0.010022503780535342
-0.04369674081092784 -0.5885081175836564 0.010022503780535342
-0.3677951416054156 -0.04369674081092678 0.010022503780535342
-0.5885081175836571 -0.36779514160541577 0.010022503780535342
-0.9526395417139191 -0.9526395417139197 0.0013260157265335463
0.9052790834278384 -0.9526395417139186 0.0013260157265335463
-0.9526395417139173 0.9052790834278348 0.0013260157265335463
-0.5965712794749969 -0.9427085257891701 0.0039067885495777475
0.5392798052641672 -0.5965712794749963 0.0039067885495777475
-0.9427085257891699 0.5392798052641676 0.0039067885495777475
0.5392798052641672 -0.9427085257891701 0.0039067885495777475
-0.5965712794749969 0.5392798052641676 0.0039067885495777475
-0.9427085257891707 -0.5965712794749963 0.0039067885495777475
-0.3918092510854058 -0.9425983498167563 0.0045403065831988165
0.3344076009021631 -0.39180925108540615 0.0045403065831988165
-0.9425983498167565 0.3344076009021631 0.0045403065831988165
0.3344076009021622 -0.9425983498167563 0.0045403065831988165
-0.39180925108540654 0.3344076009021631 0.0045403065831988165
-0.9425983498167572 -0.3918092510854056 0.0045403065831988165
-0.49811879981109464 -0.9418355283024127 0.0042773459660969725
0.43995432811350715 -0.4981187998110943 0.0042773459660969725
-0.9418355283024131 0.43995432811350815 0.0042773459660969725
0.4399543281135074 -0.9418355283024127 0.0042773459660969725
-0.4981187998110941 0.43995432811350815 0.0042773459660969725
-0.9418355283024133 -0.4981187998110931 0.0042773459660969725
-0.45977262902450644 -0.7565155281186791 0.008556268366544825
0.2162881571431851 -0.45977262902450616 0.008556268366544825
-0.7565155281186793 0.21628815714318644 0.008556268366544825
0.21628815714318556 -0.7565155281186791 0.008556268366544825
-0.45977262902450566 0.21628815714318533 0.008556268366544825
-0.7565155281186788 -0.45977262902450616 0.008556268366544825
-0.15398422645631443 -0.944106163126003 0.005014038688885613
0.09809038958231703 -0.15398422645631407 0.005014038688885613
-0.944106163126003 0.09809038958231836 0.005014038688885613
0.09809038958231758 -0.944106163126003 0.005014038688885613
-0.1539842264563146 0.09809038958231725 0.005014038688885613
-0.9441061631260028 -0.15398422645631407 0.005014038688885613
-0.5623237831834765 -0.755719866483255 0.007947462200796984
0.3180436496667311 -0.562323783183476 0.007947462200796984
-0.7557198664832554 0.3180436496667321 0.007947462200796984
0.31804364966673043 -0.755719866483255 0.007947462200796984
-0.5623237831834763 0.3180436496667321 0.007947462200796984
-0.7557198664832551 -0.562323783183476 0.007947462200796984
-0.47388712845925524 -0.4738871284592555 0.011196508865206147
-0.05222574308148925 -0.4738871284592555 0.011196508865206147
-0.4738871284592555 -0.05222574308148897 0.011196508865206147
-0.3688834351396877 -0.6791740298179505 0.009480827372675641
0.04805746495763874 -0.3688834351396874 0.009480827372675641
-0.6791740298179512 0.04805746495763824 0.009480827372675641
0.04805746495763824 -0.6791740298179505 0.009480827372675641
-0.36888343513968713 0.04805746495763824 0.009480827372675641
-0.6791740298179505 -0.36888343513968697 0.009480827372675641
-0.28001158984642627 -0.8959231897939894 0.006321804315568955
0.1759347796404151 -0.2800115898464263 0.006321804315568955
-0.8959231897939888 0.17593477964041565 0.006321804315568955
0.17593477964041576 -0.8959231897939894 0.006321804315568955
-0.2800115898464268 0.17593477964041565 0.006321804315568955
-0.895923189793989 -0.28001158984642593 0.006321804315568955
-0.8477014388745805 -0.9439838053471308 0.0026129860635674368
0.7916852442217117 -0.8477014388745814 0.0026129860635674368
-0.9439838053471306 0.7916852442217122 0.0026129860635674368
0.7916852442217115 -0.9439838053471308 0.0026129860635674368
-0.8477014388745807 0.7916852442217122 0.0026129860635674368
-0.9439838053471308 -0.8477014388745803 0.0026129860635674368
-0.2766257499142871 -0.9432716014134936 0.004844833141188164
0.2198973513277805 -0.2766257499142868 0.004844833141188164
-0.9432716014134934 0.21989735132778115 0.004844833141188164
0.21989735132778082 -0.9432716014134936 0.004844833141188164
-0.27662574991428657 0.21989735132778115 0.004844833141188164
-0.9432716014134939 -0.27662574991428646 0.004844833141188164
-0.11586120547233864 -0.7682775890553227 0.009103629027139777
-0.11586120547233864 -0.11586120547233861 0.009103629027139777
-0.7682775890553226 -0.11586120547233861 0.009103629027139777
-0.02767978503262014 -0.9446404299347597 0.005014562701161728
-0.027679785032620585 -0.027679785032620752 0.005014562701161728
-0.9446404299347593 -0.027679785032619586 0.005014562701161728
-0.20608591404104162 -0.8363700899567907 0.008267517180776892
0.042456003997832614 -0.20608591404104123 0.008267517180776892
-0.8363700899567916 0.042456003997833114 0.008267517180776892
0.04245600399783239 -0.8363700899567907 0.008267517180776892
-0.2060859140410415 0.042456003997833114 0.008267517180776892
-0.8363700899567914 -0.20608591404104123 0.008267517180776892
-0.47283579069922843 -0.5757322073668771 0.01021026636242246
0.0485679980661064 -0.47283579069922876 0.01021026636242246
-0.575732207366878 0.04856799806610701 0.01021026636242246
0.04856799806610557 -0.5757322073668771 0.01021026636242246
-0.47283579069922865 0.04856799806610701 0.01021026636242246
-0.5757322073668782 -0.4728357906992276 0.01021026636242246
-0.6149298915754572 -0.8951095915541676 0.00539524666796683
0.5100394831296249 -0.6149298915754577 0.00539524666796683
-0.8951095915541676 0.5100394831296253 0.00539524666796683
0.5100394831296258 -0.8951095915541676 0.00539524666796683
-0.6149298915754577 0.5100394831296253 0.00539524666796683
-0.8951095915541687 -0.6149298915754566 0.00539524666796683
-0.6898924039961345 -0.941644647134535 0.003761928795814594
0.631537051130669 -0.6898924039961338 0.003761928795814594
-0.941644647134535 0.6315370511306702 0.003761928795814594
0.6315370511306695 -0.941644647134535 0.003761928795814594
-0.6898924039961349 0.6315370511306702 0.003761928795814594
-0.941644647134535 -0.6898924039961338 0.003761928795814594
-0.8383721632658783 -0.9766494090210174 0.0018284380205485298
0.8150215722868954 -0.8383721632658787 0.0018284380205485298
-0.9766494090210172 0.8150215722868961 0.0018284380205485298
0.8150215722868956 -0.9766494090210174 0.0018284380205485298
-0.838372163265878 0.8150215722868961 0.0018284380205485298
-0.9766494090210172 -0.8383721632658776 0.0018284380205485298
-0.6757077549550989 -0.6757077549550999 0.008128859851734406
0.3514155099101984 -0.6757077549550987 0.008128859851734406
-0.6757077549550994 0.3514155099101987 0.008128859851734406
-0.9010193988608346 -0.9772940896302087 0.0014021312057381579
0.8783134884910437 -0.901019398860835 0.0014021312057381579
-0.9772940896302098 0.8783134884910464 0.0014021312057381579
0.8783134884910433 -0.9772940896302087 0.0014021312057381579
-0.9010193988608357 0.8783134884910464 0.0014021312057381579
-0.9772940896302089 -0.9010193988608339 0.0014021312057381579
-0.2526176363896358 -0.4947647272207283 0.01101022708270283
-0.2526176363896362 -0.2526176363896356 0.01101022708270283
-0.49476472722072823 -0.25261763638963547 0.01101022708270283
-0.39726776164987837 -0.8945175826903993 0.006380211297430101
0.2917853443402771 -0.3972677616498782 0.006380211297430101
-0.8945175826903993 0.29178534434027864 0.006380211297430101
0.29178534434027764 -0.8945175826903993 0.006380211297430101
-0.39726776164987865 0.2917853443402774 0.006380211297430101
-0.894517582690399 -0.3972677616498777 0.006380211297430101
-0.5748974621903731 -0.574897462190372 0.009889323199739505
0.149794924380745 -0.574897462190372 0.009889323199739505
-0.5748974621903725 0.14979492438074504 0.009889323199739505
-0.7088818117513875 -0.8921272310057329 0.004867651682211066
0.6010090427571197 -0.7088818117513876 0.004867651682211066
-0.8921272310057324 0.6010090427571206 0.004867651682211066
0.6010090427571195 -0.8921272310057329 0.004867651682211066
-0.7088818117513873 0.6010090427571206 0.004867651682211066
-0.8921272310057327 -0.7088818117513864 0.004867651682211066
-0.9321521377080837 -0.9959462068323985 0.0005016949029149393
0.928098344540482 -0.9321521377080837 0.0005016949029149393
-0.9959462068323968 0.9280983445404789 0.0005016949029149393
0.9280983445404822 -0.9959462068323985 0.0005016949029149393
-0.9321521377080813 0.9280983445404789 0.0005016949029149393
-0.9959462068323988 -0.9321521377080826 0.0005016949029149393
-0.08033565170099743 -0.8393286965980051 0.008131579615188327
-0.08033565170099749 -0.08033565170099688 0.008131579615188327
-0.8393286965980045 -0.08033565170099688 0.008131579615188327
-0.07815920340329557 -0.9772517720424985 0.0034216262555210107
0.0554109754457936 -0.07815920340329524 0.0034216262555210107
-0.9772517720424985 0.05541097544579493 0.0034216262555210107
0.05541097544579404 -0.9772517720424985 0.0034216262555210107
-0.07815920340329591 0.055410975445793764 0.0034216262555210107
-0.9772517720424982 -0.07815920340329524 0.0034216262555210107
-0.5806987260145153 -0.6705605284038814 0.009056024266858805
0.2512592544183962 -0.5806987260145143 0.009056024266858805
-0.670560528403882 0.25125925441839697 0.009056024266858805
0.25125925441839675 -0.6705605284038814 0.009056024266858805
-0.5806987260145148 0.25125925441839697 0.009056024266858805
-0.6705605284038828 -0.5806987260145143 0.009056024266858805
-0.32876233854472753 -0.8350294344443769 0.00801627846029809
0.16379177298910458 -0.3287623385447271 0.00801627846029809
-0.8350294344443772 0.16379177298910436 0.00801627846029809
0.16379177298910447 -0.8350294344443769 0.00801627846029809
-0.32876233854472714 0.16379177298910436 0.00801627846029809
-0.8350294344443776 -0.3287623385447268 0.00801627846029809
-0.7616032878103942 -0.9762679483811234 0.0022390807998146547
0.7378712361915183 -0.7616032878103944 0.0022390807998146547
-0.9762679483811236 0.7378712361915192 0.0022390807998146547
0.7378712361915178 -0.9762679483811234 0.0022390807998146547
-0.761603287810394 0.7378712361915181 0.0022390807998146547
-0.9762679483811236 -0.7616032878103944 0.0022390807998146547
-0.7744965145648219 -0.9420228397535642 0.003311298162455334
0.7165193543183863 -0.7744965145648226 0.003311298162455334
-0.9420228397535642 0.716519354318387 0.003311298162455334
0.7165193543183861 -0.9420228397535642 0.003311298162455334
-0.7744965145648224 0.716519354318387 0.003311298162455334
-0.9420228397535642 -0.7744965145648215 0.003311298162455334
-0.5107910300125795 -0.8927814960586631 0.006149114422547151
0.40357252607124233 -0.5107910300125789 0.006149114422547151
-0.8927814960586635 0.4035725260712431 0.006149114422547151
0.40357252607124255 -0.8927814960586631 0.006149114422547151
-0.5107910300125795 0.4035725260712431 0.006149114422547151
-0.8927814960586635 -0.5107910300125789 0.006149114422547151
-0.47734420957396906 -0.6700654148272238 0.009660140848394297
0.14740962440119337 -0.4773442095739686 0.009660140848394297
-0.670065414827224 0.1474096244011937 0.009660140848394297
0.14740962440119293 -0.6700654148272238 0.009660140848394297
-0.47734420957396934 0.1474096244011937 0.009660140848394297
-0.6700654148272236 -0.4773442095739686 0.009660140848394297
-0.4465795552823061 -0.8317330827292237 0.007797394807642846
0.2783126380115299 -0.44657955528230586 0.007797394807642846
-0.8317330827292244 0.2783126380115308 0.007797394807642846
0.2783126380115299 -0.8317330827292237 0.007797394807642846
-0.44657955528230636 0.2783126380115308 0.007797394807642846
-0.8317330827292242 -0.4465795552823054 0.007797394807642846
-0.3378846033889718 -0.9765637184294704 0.0032917039823094894
0.314448321818442 -0.337884603388972 0.0032917039823094894
-0.9765637184294704 0.314448321818443 0.0032917039823094894
0.31444832181844223 -0.9765637184294704 0.0032917039823094894
-0.33788460338897247 0.314448321818443 0.0032917039823094894
-0.9765637184294702 -0.33788460338897164 0.0032917039823094894
-0.6576680792929543 -0.7603496814492291 0.007423809741854948
0.41801776074218316 -0.6576680792929542 0.007423809741854948
-0.7603496814492298 0.4180177607421846 0.007423809741854948
0.4180177607421835 -0.7603496814492291 0.007423809741854948
-0.6576680792929537 0.4180177607421834 0.007423809741854948
-0.7603496814492305 -0.657668079292953 0.007423809741854948
-0.5703238129191692 -0.9763830518981975 0.0028371512157232175
0.5467068648173665 -0.5703238129191689 0.0028371512157232175
-0.9763830518981977 0.5467068648173674 0.0028371512157232175
0.5467068648173659 -0.9763830518981975 0.0028371512157232175
-0.5703238129191681 0.5467068648173663 0.0028371512157232175
-0.9763830518981982 -0.5703238129191677 0.0028371512157232175
-0.6719348084235248 -0.9762035285680923 0.002578116391141827
0.6481383369916176 -0.6719348084235253 0.002578116391141827
-0.9762035285680923 0.6481383369916187 0.002578116391141827
0.6481383369916172 -0.9762035285680923 0.002578116391141827
-0.6719348084235248 0.6481383369916176 0.002578116391141827
-0.9762035285680923 -0.6719348084235253 0.002578116391141827
-0.45880095896145096 -0.976304799584008 0.0031229801098115757
0.43510575854545835 -0.45880095896145057 0.0031229801098115757
-0.9763047995840077 0.4351057585454597 0.0031229801098115757
0.435105758545459 -0.976304799584008 0.0031229801098115757
-0.4588009589614508 0.4351057585454597 0.0031229801098115757
-0.9763047995840086 -0.45880095896145057 0.0031229801098115757
-0.210236940189157 -0.9769411065459999 0.003390543781892004
0.18717804673515764 -0.21023694018915734 0.003390543781892004
-0.9769411065460003 0.18717804673515853 0.003390543781892004
0.18717804673515798 -0.9769411065459999 0.003390543781892004
-0.21023694018915767 0.18717804673515742 0.003390543781892004
-0.9769411065460003 -0.21023694018915734 0.003390543781892004
-0.002162941702653076 -0.9956741165946938 0.0014976617224079585
-0.0021629417026537423 -0.0021629417026524655 0.0014976617224079585
-0.9956741165946936 -0.0021629417026524655 0.0014976617224079585
-0.8046397118780744 -0.9955005883428489 0.0009056045451358347
0.8001403002209233 -0.8046397118780746 0.0009056045451358347
-0.9955005883428487 0.8001403002209235 0.0009056045451358347
0.8001403002209235 -0.9955005883428489 0.0009056045451358347
-0.8046397118780741 0.8001403002209235 0.0009056045451358347
-0.9955005883428492 -0.8046397118780735 0.0009056045451358347
-0.13667362304700736 -0.9956438337617233 0.0014906796621327325
0.13231745680873075 -0.1366736230470075 0.0014906796621327325
-0.9956438337617224 0.13231745680873092 0.0014906796621327325
0.13231745680873064 -0.9956438337617233 0.0014906796621327325
-0.13667362304700742 0.13231745680873092 0.0014906796621327325
-0.9956438337617233 -0.1366736230470075 0.0014906796621327325
-0.7193522788548397 -0.9954811378050548 0.0010646962945173436
0.7148334166598942 -0.71935227885484 0.0010646962945173436
-0.9954811378050543 0.7148334166598949 0.0010646962945173436
0.7148334166598944 -0.9954811378050548 0.0010646962945173436
-0.7193522788548394 0.7148334166598949 0.0010646962945173436
-0.9954811378050556 -0.7193522788548388 0.0010646962945173436
-0.7500509865021772 -0.7500509865021776 0.007264279711327508
0.5001019730043543 -0.7500509865021765 0.007264279711327508
-0.7500509865021776 0.5001019730043552 0.007264279711327508
-0.5124061997849962 -0.9955020979101794 0.0013152393672527934
0.5079082976951756 -0.5124061997849971 0.0013152393672527934
-0.9955020979101792 0.5079082976951765 0.0013152393672527934
0.5079082976951756 -0.9955020979101794 0.0013152393672527934
-0.5124061997849967 0.5079082976951754 0.0013152393672527934
-0.995502097910179 -0.512406199784996 0.0013152393672527934
-0.8760120131241702 -0.9955784341118636 0.0007241381022613538
0.8715904472360338 -0.8760120131241695 0.0007241381022613538
-0.9955784341118648 0.8715904472360358 0.0007241381022613538
0.871590447236033 -0.9955784341118636 0.0007241381022613538
-0.8760120131241702 0.8715904472360358 0.0007241381022613538
-0.9955784341118641 -0.8760120131241695 0.0007241381022613538
-0.3940990143160187 -0.9955001371409127 0.0014120238913409842
0.3895991514569315 -0.39409901431601907 0.0014120238913409842
-0.995500137140912 0.38959915145693197 0.0014120238913409842
0.3895991514569314 -0.9955001371409127 0.0014120238913409842
-0.39409901431601896 0.38959915145693197 0.0014120238913409842
-0.9955001371409127 -0.39409901431601846 0.0014120238913409842
-0.62146779899418 -0.995471921475918 0.0012037542044399461
0.6169397204700979 -0.6214677989941797 0.0012037542044399461
-0.9954719214759185 0.616939720470099 0.0012037542044399461
0.6169397204700982 -0.995471921475918 0.0012037542044399461
-0.6214677989941789 0.6169397204700979 0.0012037542044399461
-0.9954719214759187 -0.6214677989941786 0.0012037542044399461
-0.26816194412638167 -0.9955729761579846 0.0014652786930993281
0.263734920284367 -0.2681619441263818 0.0014652786930993281
-0.9955729761579848 0.26373492028436757 0.0014652786930993281
0.26373492028436635 -0.9955729761579846 0.0014652786930993281
-0.2681619441263812 0.26373492028436646 0.0014652786930993281
-0.9955729761579855 -0.26816194412638117 0.0014652786930993281
-0.994789806610527 -0.9947898066105278 0.0001785073228361189
0.989579613221055 -0.9947898066105278 0.0001785073228361189
-0.9947898066105298 0.9895796132210604 0.0001785073228361189
