-0.7953921356844789 -0.7953921356844801 0.0030279795437160363
0.5907842713689584 -0.795392135684479 0.0030279795437160363
-0.7953921356844796 0.5907842713689591 0.0030279795437160363
-0.36795180700672 -0.932341818634558 0.0041983841946989465
0.3002936256412771 -0.36795180700672014 0.0041983841946989465
-0.9323418186345571 0.3002936256412783 0.0041983841946989465
0.300293625641278 -0.932341818634558 0.0041983841946989465
-0.36795180700672014 0.3002936256412783 0.0041983841946989465
-0.9323418186345571 -0.3679518070067196 0.0041983841946989465
-0.9299595282490625 -0.9299595282490631 0.0022093673380892353
0.8599190564981256 -0.9299595282490631 0.0022093673380892353
-0.9299595282490654 0.8599190564981307 0.0022093673380892353
-0.7892811760794363 -0.9337080208876232 0.0038452503443641567
0.7229891969670594 -0.7892811760794368 0.0038452503443641567
-0.9337080208876232 0.7229891969670601 0.0038452503443641567
0.7229891969670597 -0.9337080208876232 0.0038452503443641567
-0.7892811760794363 0.7229891969670601 0.0038452503443641567
-0.9337080208876241 -0.7892811760794356 0.0038452503443641567
-0.8500379564317722 -0.9959330478477657 0.0009608860200037539
0.8459710042795374 -0.8500379564317726 0.0009608860200037539
-0.995933047847767 0.8459710042795421 0.0009608860200037539
0.8459710042795379 -0.9959330478477657 0.0009608860200037539
-0.8500379564317744 0.8459710042795421 0.0009608860200037539
-0.9959330478477662 -0.8500379564317715 0.0009608860200037539
-0.7610268132392897 -0.8889791936750824 0.0060650949201789825
0.6500060069143723 -0.7610268132392903 0.0060650949201789825
-0.8889791936750824 0.6500060069143727 0.0060650949201789825
0.6500060069143723 -0.8889791936750824 0.0060650949201789825
-0.7610268132392897 0.6500060069143727 0.0060650949201789825
-0.8889791936750824 -0.7610268132392891 0.0060650949201789825
-0.3615296699080217 -0.5238783057659505 0.014637812658483339
-0.11459202432602825 -0.36152966990802143 0.014637812658483339
-0.5238783057659507 -0.11459202432602711 0.014637812658483339
-0.11459202432602772 -0.5238783057659505 0.014637812658483339
-0.3615296699080221 -0.11459202432602711 0.014637812658483339
-0.5238783057659503 -0.3615296699080213 0.014637812658483339
-0.21642348455265983 -0.8494589021249803 0.010776637685961968
0.06588238667763963 -0.21642348455265914 0.010776637685961968
-0.8494589021249803 0.06588238667764057 0.010776637685961968
0.06588238667764018 -0.8494589021249803 0.010776637685961968
-0.21642348455266028 0.06588238667764057 0.010776637685961968
-0.8494589021249803 -0.21642348455265914 0.010776637685961968
-0.48151301908690086 -0.48151301908690025 0.015170184712741067
-0.03697396182619889 -0.48151301908690025 0.015170184712741067
-0.4815130190869008 -0.03697396182619833 0.015170184712741067
-0.3649131855716028 -0.8927583367417744 0.009138431837962969
0.2576715223133777 -0.36491318557160324 0.009138431837962969
-0.892758336741774 0.25767152231337803 0.009138431837962969
0.25767152231337714 -0.8927583367417744 0.009138431837962969
-0.364913185571604 0.25767152231337803 0.009138431837962969
-0.8927583367417735 -0.36491318557160274 0.009138431837962969
-0.34647095081453694 -0.8174104658099142 0.011440719812916953
0.16388141662445121 -0.34647095081453627 0.011440719812916953
-0.8174104658099146 0.16388141662445121 0.011440719812916953
0.1638814166244511 -0.8174104658099142 0.011440719812916953
-0.3464709508145366 0.16388141662445121 0.011440719812916953
-0.8174104658099149 -0.34647095081453605 0.011440719812916953
-0.3625006663456399 -0.7297685018594302 0.013424009698171395
0.09226916820507075 -0.36250066634563943 0.013424009698171395
-0.7297685018594307 0.09226916820507136 0.013424009698171395
0.09226916820507014 -0.7297685018594302 0.013424009698171395
-0.36250066634563965 0.09226916820507136 0.013424009698171395
-0.7297685018594313 -0.3625006663456393 0.013424009698171395
-0.8650842418372269 -0.9184597524866422 0.004634155018626295
0.7835439943238693 -0.8650842418372264 0.004634155018626295
-0.9184597524866427 0.7835439943238698 0.004634155018626295
0.7835439943238691 -0.9184597524866422 0.004634155018626295
-0.8650842418372264 0.7835439943238698 0.004634155018626295
-0.9184597524866427 -0.8650842418372264 0.004634155018626295
-0.9632411181578378 -0.9940194442468724 0.0006173385239410648
0.9572605624047101 -0.9632411181578382 0.0006173385239410648
-0.9940194442468715 0.9572605624047095 0.0006173385239410648
0.9572605624047104 -0.9940194442468724 0.0006173385239410648
-0.9632411181578371 0.9572605624047095 0.0006173385239410648
-0.9940194442468726 -0.9632411181578369 0.0006173385239410648
-0.9046861282755683 -0.9654980790923853 0.002409405538882119
0.8701842073679533 -0.9046861282755687 0.002409405538882119
-0.9654980790923868 0.8701842073679578 0.002409405538882119
0.8701842073679529 -0.9654980790923853 0.002409405538882119
-0.90468612827557 0.8701842073679578 0.002409405538882119
-0.965498079092385 -0.9046861282755676 0.002409405538882119
-0.32855442592398015 -0.6377671816089356 0.01632749250428718
-0.033678392467084095 -0.32855442592397965 0.01632749250428718
-0.6377671816089362 -0.03367839246708354 0.01632749250428718
-0.03367839246708415 -0.6377671816089356 0.01632749250428718
-0.3285544259239802 -0.03367839246708354 0.01632749250428718
-0.6377671816089363 -0.32855442592397954 0.01632749250428718
-0.7211175282554136 -0.7211175282554148 0.010500120308657553
0.44223505651082945 -0.7211175282554148 0.010500120308657553
-0.7211175282554148 0.44223505651082956 0.010500120308657553
-0.07766308221837964 -0.8446738355632406 0.011761669358555634
-0.07766308221837981 -0.07766308221838031 0.011761669358555634
-0.8446738355632404 -0.07766308221837914 0.011761669358555634
-0.7286567841677647 -0.8197394563034205 0.008729048056379819
0.5483962404711842 -0.7286567841677646 0.008729048056379819
-0.8197394563034199 0.5483962404711853 0.008729048056379819
0.5483962404711853 -0.8197394563034205 0.008729048056379819
-0.7286567841677648 0.5483962404711853 0.008729048056379819
-0.8197394563034206 -0.7286567841677646 0.008729048056379819
-0.9164612771280602 -0.9919658058255372 0.001099593101294637
0.9084270829535983 -0.9164612771280605 0.001099593101294637
-0.9919658058255358 0.9084270829535956 0.001099593101294637
0.9084270829535976 -0.9919658058255372 0.001099593101294637
-0.9164612771280589 0.9084270829535956 0.001099593101294637
-0.9919658058255383 -0.9164612771280594 0.001099593101294637
-0.24169256408992415 -0.5166148718201518 0.017289113148170613
-0.24169256408992396 -0.241692564089924 0.017289113148170613
-0.516614871820151 -0.241692564089924 0.017289113148170613
-0.6174725251238468 -0.8380693595414925 0.010492876317384346
0.4555418846653387 -0.6174725251238474 0.010492876317384346
-0.8380693595414919 0.4555418846653399 0.010492876317384346
0.45554188466533935 -0.8380693595414925 0.010492876317384346
-0.617472525123848 0.4555418846653399 0.010492876317384346
-0.8380693595414923 -0.6174725251238474 0.010492876317384346
-0.10215934008671446 -0.9662370829797382 0.006516978912782585
0.06839642306645333 -0.10215934008671465 0.006516978912782585
-0.9662370829797389 0.06839642306645405 0.006516978912782585
0.06839642306645283 -0.9662370829797382 0.006516978912782585
-0.10215934008671443 0.06839642306645288 0.006516978912782585
-0.9662370829797393 -0.10215934008671348 0.006516978912782585
-0.20583324173002296 -0.917046642932726 0.009562469976760786
0.1228798846627494 -0.20583324173002265 0.009562469976760786
-0.917046642932726 0.1228798846627498 0.009562469976760786
0.12287988466274907 -0.917046642932726 0.009562469976760786
-0.20583324173002285 0.1228798846627498 0.009562469976760786
-0.9170466429327266 -0.20583324173002265 0.009562469976760786
-0.827547311874225 -0.972530827675576 0.003217543805773714
0.8000781395498018 -0.8275473118742255 0.003217543805773714
-0.9725308276755755 0.8000781395498016 0.003217543805773714
0.8000781395498011 -0.972530827675576 0.003217543805773714
-0.8275473118742254 0.8000781395498016 0.003217543805773714
-0.9725308276755762 -0.8275473118742255 0.003217543805773714
-0.9653176492721944 -0.9653176492721951 0.001755174504301629
0.9306352985443906 -0.9653176492721951 0.001755174504301629
-0.9653176492721953 0.9306352985443904 0.001755174504301629
-0.4370240801154356 -0.9641627913394168 0.005965133010598663
0.40118687145485205 -0.43702408011543603 0.005965133010598663
-0.9641627913394166 0.4011868714548535 0.005965133010598663
0.4011868714548525 -0.9641627913394168 0.005965133010598663
-0.4370240801154367 0.4011868714548535 0.005965133010598663
-0.9641627913394162 -0.4370240801154355 0.005965133010598663
-0.615246330511481 -0.7430572198864138 0.012187897687105771
0.3583035503978957 -0.6152463305114815 0.012187897687105771
-0.7430572198864143 0.35830355039789646 0.012187897687105771
0.3583035503978949 -0.7430572198864138 0.012187897687105771
-0.6152463305114817 0.35830355039789646 0.012187897687105771
-0.7430572198864143 -0.6152463305114815 0.012187897687105771
-0.4964115049651334 -0.725357680536809 0.014174681492113267
0.22176918550194297 -0.49641150496513387 0.014174681492113267
-0.7253576805368085 0.22176918550194297 0.014174681492113267
0.22176918550194252 -0.725357680536809 0.014174681492113267
-0.4964115049651334 0.22176918550194297 0.014174681492113267
-0.725357680536809 -0.49641150496513387 0.014174681492113267
-0.8440221396387144 -0.8440221396387149 0.007172467205499364
0.6880442792774295 -0.8440221396387149 0.007172467205499364
-0.8440221396387149 0.68804427927743 0.007172467205499364
-0.2699304101273438 -0.9651163470112323 0.0062995052561623825
0.23504675713857598 -0.2699304101273439 0.0062995052561623825
-0.9651163470112325 0.2350467571385772 0.0062995052561623825
0.2350467571385762 -0.9651163470112323 0.0062995052561623825
-0.2699304101273446 0.2350467571385772 0.0062995052561623825
-0.9651163470112323 -0.26993041012734337 0.0062995052561623825
-0.0415101288861594 -0.9169797422276811 0.009998485656951639
-0.04151012888615957 -0.04151012888615885 0.009998485656951639
-0.9169797422276815 -0.04151012888615885 0.009998485656951639
-0.17587718904062102 -0.648245621918758 0.0181576850110793
-0.17587718904062047 -0.175877189040621 0.0181576850110793
-0.6482456219187576 -0.175877189040621 0.0181576850110793
-0.48568672889949294 -0.8276036594438 0.01250373990624197
0.31329038834329265 -0.48568672889949327 0.01250373990624197
-0.8276036594437997 0.3132903883432934 0.01250373990624197
0.313290388343293 -0.8276036594438 0.01250373990624197
-0.4856867288994937 0.3132903883432934 0.01250373990624197
-0.8276036594437999 -0.48568672889949216 0.01250373990624197
-0.0031788511720858836 -0.9936422976558281 0.0028313562183890175
-0.0031788511720863277 -0.0031788511720853285 0.0028313562183890175
-0.9936422976558283 -0.0031788511720853285 0.0028313562183890175
-0.38174810262929904 -0.38174810262929865 0.020413273298347162
-0.23650379474140215 -0.38174810262929865 0.020413273298347162
-0.38174810262929904 -0.23650379474140187 0.020413273298347162
-0.7516367761317779 -0.9931774643983302 0.0018986106450944566
0.7448142405301093 -0.7516367761317782 0.0018986106450944566
-0.9931774643983309 0.7448142405301097 0.0018986106450944566
0.7448142405301084 -0.9931774643983302 0.0018986106450944566
-0.7516367761317777 0.7448142405301097 0.0018986106450944566
-0.9931774643983313 -0.751636776131777 0.0018986106450944566
-0.6566985443812616 -0.9108889665764208 0.008062504168585607
0.5675875109576827 -0.6566985443812613 0.008062504168585607
-0.9108889665764206 0.5675875109576833 0.008062504168585607
0.5675875109576825 -0.9108889665764208 0.008062504168585607
-0.6566985443812616 0.5675875109576833 0.008062504168585607
-0.9108889665764213 -0.6566985443812613 0.008062504168585607
-0.20455378160342857 -0.7558049022308753 0.016344435096460785
-0.03964131616569683 -0.20455378160342827 0.016344435096460785
-0.7558049022308748 -0.03964131616569638 0.016344435096460785
-0.03964131616569638 -0.7558049022308753 0.016344435096460785
-0.2045537816034288 -0.03964131616569638 0.016344435096460785
-0.7558049022308748 -0.20455378160342827 0.016344435096460785
-0.9926568663560329 -0.992656866356034 0.00034659067156171853
0.9853137327120676 -0.9926568663560329 0.00034659067156171853
-0.9926568663560318 0.9853137327120636 0.00034659067156171853
-0.4842067086602869 -0.6085792575271441 0.01791731805744371
0.0927859661874304 -0.48420670866028676 0.01791731805744371
-0.6085792575271438 0.09278596618743101 0.01791731805744371
0.09278596618743112 -0.6085792575271441 0.01791731805744371
-0.484206708660287 0.09278596618743101 0.01791731805744371
-0.6085792575271436 -0.48420670866028676 0.01791731805744371
-0.7116998510376129 -0.963377216040332 0.004924197482984642
0.6750770670779447 -0.7116998510376134 0.004924197482984642
-0.9633772160403318 0.6750770670779456 0.004924197482984642
0.6750770670779451 -0.963377216040332 0.004924197482984642
-0.7116998510376127 0.6750770670779456 0.004924197482984642
-0.9633772160403329 -0.7116998510376121 0.004924197482984642
-0.17548087799641768 -0.9934754839295925 0.0028425858426438513
0.1689563619260101 -0.17548087799641818 0.0028425858426438513
-0.9934754839295923 0.16895636192601066 0.0028425858426438513
0.16895636192601032 -0.9934754839295925 0.0028425858426438513
-0.17548087799641832 0.16895636192601066 0.0028425858426438513
-0.9934754839295925 -0.175480877996417 0.0028425858426438513
-0.49514307041712774 -0.9930491169853686 0.002610312991837365
0.488192187402496 -0.49514307041712785 0.002610312991837365
-0.9930491169853681 0.4881921874024964 0.002610312991837365
0.4881921874024963 -0.9930491169853686 0.002610312991837365
-0.4951430704171272 0.4881921874024964 0.002610312991837365
-0.9930491169853686 -0.4951430704171267 0.002610312991837365
-0.3412661450284508 -0.9929224198348363 0.002891819055577456
0.33418856486328735 -0.3412661450284508 0.002891819055577456
-0.9929224198348361 0.33418856486328813 0.002891819055577456
0.33418856486328713 -0.9929224198348363 0.002891819055577456
-0.34126614502845104 0.33418856486328813 0.002891819055577456
-0.9929224198348368 -0.3412661450284503 0.002891819055577456
-0.580837036598969 -0.9623101218884957 0.005869190116159042
0.5431471584874645 -0.580837036598969 0.005869190116159042
-0.962310121888496 0.5431471584874661 0.005869190116159042
0.543147158487465 -0.9623101218884957 0.005869190116159042
-0.5808370365989695 0.543147158487465 0.005869190116159042
-0.9623101218884955 -0.580837036598969 0.005869190116159042
-0.6327196611075354 -0.9927237957826072 0.0023929180105396668
0.625443456890143 -0.6327196611075359 0.0023929180105396668
-0.992723795782608 0.6254434568901441 0.0023929180105396668
0.6254434568901426 -0.9927237957826072 0.0023929180105396668
-0.6327196611075354 0.625443456890143 0.0023929180105396668
-0.9927237957826076 -0.6327196611075346 0.0023929180105396668
-0.5166075350613255 -0.9084934260773647 0.00974700883984587
0.4251009611386907 -0.5166075350613254 0.00974700883984587
-0.9084934260773656 0.4251009611386914 0.00974700883984587
0.4251009611386894 -0.9084934260773647 0.00974700883984587
-0.5166075350613251 0.4251009611386903 0.00974700883984587
-0.9084934260773658 -0.5166075350613243 0.00974700883984587
-0.6212714775996072 -0.6212714775996075 0.0165812265141074
0.24254295519921482 -0.6212714775996075 0.0165812265141074
-0.621271477599608 0.24254295519921615 0.0165812265141074
