-0.0135651839600960 -0.0135651839600960 0.0224484240771560
-0.9728696320798080 -0.0135651839600960 0.0224484240771560
-0.0135651839600960 -0.9728696320798080 0.0224484240771560
-0.9180126663871510 -0.9180126663871510 0.0113778167667400
0.8360253327743020 -0.9180126663871510 0.0113778167667400
-0.9180126663871510 0.8360253327743020 0.0113778167667400
-0.4692654780507980 -0.4692654780507980 0.0561480787976700
-0.0614690438984040 -0.4692654780507980 0.0561480787976700
-0.4692654780507980 -0.0614690438984040 0.0561480787976700
-0.2781619745128760 -0.2781619745128760 0.0318047530506860
-0.4436760509742490 -0.2781619745128760 0.0318047530506860
-0.2781619745128760 -0.4436760509742490 0.0318047530506860
-0.7438316190595790 -0.7438316190595790 0.0429446041598380
0.4876632381191590 -0.7438316190595790 0.0429446041598380
-0.7438316190595790 0.4876632381191590 0.0429446041598380
-0.9750869727003419 -0.9750869727003419 0.0041383362671310
0.9501739454006840 -0.9750869727003419 0.0041383362671310
-0.9750869727003419 0.9501739454006840 0.0041383362671310
-0.3314859157880800 0.3058754492528800 0.0200941116704830
0.3058754492528800 -0.3314859157880800 0.0200941116704830
-0.9743895334648000 0.3058754492528800 0.0200941116704830
0.3058754492528800 -0.9743895334648000 0.0200941116704830
-0.9743895334648000 -0.3314859157880800 0.0200941116704830
-0.3314859157880800 -0.9743895334648000 0.0200941116704830
-0.6173681432349400 0.5985344268566249 0.0130234439430040
0.5985344268566249 -0.6173681432349400 0.0130234439430040
-0.9811662836216860 0.5985344268566249 0.0130234439430040
0.5985344268566249 -0.9811662836216860 0.0130234439430040
-0.9811662836216860 -0.6173681432349400 0.0130234439430040
-0.6173681432349400 -0.9811662836216860 0.0130234439430040
-0.8467379416791840 0.8373517850979680 0.0058569543695450
0.8373517850979680 -0.8467379416791840 0.0058569543695450
-0.9906138434187840 0.8373517850979680 0.0058569543695450
0.8373517850979680 -0.9906138434187840 0.0058569543695450
-0.9906138434187840 -0.8467379416791840 0.0058569543695450
-0.8467379416791840 -0.9906138434187840 0.0058569543695450
-0.5305823822270940 0.4128316737705200 0.0377461726434990
0.4128316737705200 -0.5305823822270940 0.0377461726434990
-0.8822492915434260 0.4128316737705200 0.0377461726434990
0.4128316737705200 -0.8822492915434260 0.0377461726434990
-0.8822492915434260 -0.5305823822270940 0.0377461726434990
-0.5305823822270940 -0.8822492915434260 0.0377461726434990
-0.2301670087315050 0.0926558554306200 0.0483627529885910
0.0926558554306200 -0.2301670087315050 0.0483627529885910
-0.8624888466991150 0.0926558554306200 0.0483627529885910
0.0926558554306200 -0.8624888466991150 0.0483627529885910
-0.8624888466991150 -0.2301670087315050 0.0483627529885910
-0.2301670087315050 -0.8624888466991150 0.0483627529885910
-0.7698419563647720 0.6814164620889990 0.0234671261693880
0.6814164620889990 -0.7698419563647720 0.0234671261693880
-0.9115745057242280 0.6814164620889990 0.0234671261693880
0.6814164620889990 -0.9115745057242280 0.0234671261693880
-0.9115745057242280 -0.7698419563647720 0.0234671261693880
-0.7698419563647720 -0.9115745057242280 0.0234671261693880
-0.5029017600168550 0.2069469379042450 0.0547034288368870
0.2069469379042450 -0.5029017600168550 0.0547034288368870
-0.7040451778873890 0.2069469379042450 0.0547034288368870
0.2069469379042450 -0.7040451778873890 0.0547034288368870
-0.7040451778873890 -0.5029017600168550 0.0547034288368870
-0.5029017600168550 -0.7040451778873890 0.0547034288368870
-0.2581153777550900 -0.0671054141248810 0.0456483361523270
-0.0671054141248810 -0.2581153777550900 0.0456483361523270
-0.6747792081200300 -0.0671054141248800 0.0456483361523270
-0.0671054141248800 -0.6747792081200300 0.0456483361523270
-0.6747792081200300 -0.2581153777550900 0.0456483361523270
-0.2581153777550900 -0.6747792081200300 0.0456483361523270