-0.3920341549670318 -0.39203415496703153 0.028724932601292243
-0.2159316900659367 -0.39203415496703153 0.028724932601292243
-0.39203415496703176 -0.21593169006593643 0.028724932601292243
-0.9089891988833068 -0.9569512292610882 0.004235079115361793
0.865940428144395 -0.9089891988833076 0.004235079115361793
-0.9569512292610862 0.8659404281443928 0.004235079115361793
0.8659404281443952 -0.9569512292610882 0.004235079115361793
-0.9089891988833056 0.8659404281443928 0.004235079115361793
-0.9569512292610887 -0.9089891988833065 0.004235079115361793
-0.5732110904658254 -0.901860661284881 0.011791344469028485
0.47507175175070676 -0.5732110904658254 0.011791344469028485
-0.9018606612848818 0.47507175175070776 0.011791344469028485
0.47507175175070654 -0.901860661284881 0.011791344469028485
-0.5732110904658253 0.47507175175070665 0.011791344469028485
-0.9018606612848818 -0.5732110904658243 0.011791344469028485
-0.9903917476066835 -0.9903917476066848 0.0006222704173629929
0.9807834952133678 -0.9903917476066835 0.0006222704173629929
-0.9903917476066821 0.9807834952133649 0.0006222704173629929
-0.08344019151917606 -0.8331196169616478 0.01770341002178635
-0.08344019151917623 -0.08344019151917548 0.01770341002178635
-0.8331196169616482 -0.08344019151917548 0.01770341002178635
-0.5157949761613605 -0.644683099407259 0.025114512433353768
0.16047807556862015 -0.5157949761613603 0.025114512433353768
-0.6446830994072594 0.16047807556862043 0.025114512433353768
0.16047807556861954 -0.644683099407259 0.025114512433353768
-0.5157949761613606 0.16047807556862043 0.025114512433353768
-0.6446830994072599 -0.5157949761613603 0.025114512433353768
-0.2274640528599156 -0.5450718942801687 0.0284211727808964
-0.2274640528599162 -0.22746405285991556 0.0284211727808964
-0.5450718942801682 -0.22746405285991544 0.0284211727808964
-0.34561853596166003 -0.6203752874145259 0.02621222824819876
-0.034006176623814 -0.3456185359616599 0.02621222824819876
-0.6203752874145263 -0.03400617662381328 0.02621222824819876
-0.034006176623814055 -0.6203752874145259 0.02621222824819876
-0.34561853596166037 -0.03400617662381328 0.02621222824819876
-0.6203752874145263 -0.3456185359616595 0.02621222824819876
-0.7160036661336512 -0.9910832359534216 0.0035577908385110288
0.7070869020870729 -0.7160036661336515 0.0035577908385110288
-0.991083235953421 0.7070869020870743 0.0035577908385110288
0.7070869020870729 -0.9910832359534216 0.0035577908385110288
-0.7160036661336521 0.7070869020870743 0.0035577908385110288
-0.9910832359534212 -0.7160036661336515 0.0035577908385110288
-0.6492072136170768 -0.8246440470312962 0.016023858573389872
0.4738512606483722 -0.6492072136170763 0.016023858573389872
-0.8246440470312961 0.47385126064837385 0.016023858573389872
0.4738512606483731 -0.8246440470312962 0.016023858573389872
-0.6492072136170765 0.47385126064837274 0.016023858573389872
-0.8246440470312957 -0.6492072136170763 0.016023858573389872
-0.21572077333117035 -0.8736393447311792 0.016929391468553184
0.08936011806234961 -0.21572077333117115 0.016929391468553184
-0.8736393447311792 0.08936011806235045 0.016929391468553184
0.08936011806234967 -0.8736393447311792 0.016929391468553184
-0.2157207733311712 0.08936011806235045 0.016929391468553184
-0.873639344731179 -0.21572077333117 0.016929391468553184
-0.48347185569907514 -0.4834718556990757 0.026185497178177912
-0.033056288601849115 -0.4834718556990757 0.026185497178177912
-0.4834718556990757 -0.033056288601848505 0.026185497178177912
-0.3317087699281577 -0.9917010717321526 0.00475352853537556
0.32340984166030967 -0.33170876992815723 0.00475352853537556
-0.9917010717321535 0.323409841660311 0.00475352853537556
0.32340984166031034 -0.9917010717321526 0.00475352853537556
-0.3317087699281569 0.3234098416603099 0.00475352853537556
-0.9917010717321526 -0.33170876992815673 0.00475352853537556
-0.6517076078976349 -0.9544103901481682 0.008553884670035889
0.6061179980458031 -0.651707607897636 0.008553884670035889
-0.954410390148168 0.6061179980458042 0.008553884670035889
0.6061179980458031 -0.9544103901481682 0.008553884670035889
-0.651707607897636 0.6061179980458042 0.008553884670035889
-0.9544103901481675 -0.6517076078976349 0.008553884670035889
-0.44832198385635214 -0.9545983112564056 0.010262554764074588
0.4029202951127579 -0.4483219838563517 0.010262554764074588
-0.9545983112564065 0.4029202951127589 0.010262554764074588
0.4029202951127579 -0.9545983112564056 0.010262554764074588
-0.44832198385635186 0.4029202951127578 0.010262554764074588
-0.9545983112564065 -0.44832198385635114 0.010262554764074588
-0.9475546656706948 -0.9877007029146723 0.0018970808517787979
0.935255368585368 -0.9475546656706955 0.0018970808517787979
-0.9877007029146718 0.935255368585368 0.0018970808517787979
0.9352553685853673 -0.9877007029146723 0.0018970808517787979
-0.9475546656706952 0.935255368585368 0.0018970808517787979
-0.9877007029146727 -0.9475546656706944 0.0018970808517787979
-0.5139055952681479 -0.775932741315458 0.020491973123408374
0.28983833658360586 -0.5139055952681477 0.020491973123408374
-0.7759327413154578 0.28983833658360575 0.020491973123408374
0.2898383365836061 -0.775932741315458 0.020491973123408374
-0.5139055952681478 0.28983833658360575 0.020491973123408374
-0.7759327413154586 -0.5139055952681465 0.020491973123408374
-0.5400140318841861 -0.9904370204540258 0.004649090728928103
0.530451052338212 -0.540014031884186 0.004649090728928103
-0.9904370204540258 0.5304510523382118 0.004649090728928103
0.5304510523382109 -0.9904370204540258 0.004649090728928103
-0.540014031884186 0.5304510523382118 0.004649090728928103
-0.9904370204540265 -0.5400140318841848 0.004649090728928103
-0.7882083116427445 -0.7882083116427451 0.015619886742172689
0.5764166232854895 -0.7882083116427451 0.015619886742172689
-0.7882083116427451 0.5764166232854901 0.015619886742172689
-0.14089559576220126 -0.7182088084755975 0.027095191206651
-0.14089559576220168 -0.14089559576220065 0.027095191206651
-0.7182088084755976 -0.14089559576220065 0.027095191206651
-0.40878343825519686 -0.8751025156407342 0.01785023228055308
0.28388595389593124 -0.4087834382551965 0.01785023228055308
-0.875102515640735 0.28388595389593213 0.01785023228055308
0.28388595389593113 -0.8751025156407342 0.01785023228055308
-0.4087834382551965 0.283885953895931 0.01785023228055308
-0.8751025156407348 -0.40878343825519625 0.01785023228055308
-0.7572130984918177 -0.8995776281731442 0.01183576754470777
0.6567907266649615 -0.7572130984918172 0.01183576754470777
-0.8995776281731434 0.6567907266649615 0.01183576754470777
0.6567907266649611 -0.8995776281731442 0.01183576754470777
-0.7572130984918173 0.6567907266649615 0.01183576754470777
-0.8995776281731445 -0.7572130984918172 0.01183576754470777
-0.2523523993795804 -0.9485440025142431 0.012521069285937091
0.20089640189382324 -0.25235239937958054 0.012521069285937091
-0.9485440025142426 0.20089640189382335 0.012521069285937091
0.20089640189382357 -0.9485440025142431 0.012521069285937091
-0.25235239937958065 0.20089640189382335 0.012521069285937091
-0.9485440025142429 -0.2523523993795801 0.012521069285937091
-0.11443318695951293 -0.9887068680130682 0.006280355286976065
0.10314005497258022 -0.11443318695951232 0.006280355286976065
-0.9887068680130677 0.10314005497258161 0.006280355286976065
0.10314005497258111 -0.9887068680130682 0.006280355286976065
-0.11443318695951321 0.10314005497258044 0.006280355286976065
-0.9887068680130677 -0.11443318695951232 0.006280355286976065
-0.32440267359883496 -0.76382186056981 0.025574276845911587
0.08822453416864567 -0.32440267359883523 0.025574276845911587
-0.7638218605698103 0.08822453416864662 0.025574276845911587
0.08822453416864506 -0.76382186056981 0.025574276845911587
-0.3244026735988357 0.08822453416864545 0.025574276845911587
-0.7638218605698105 -0.324402673598835 0.025574276845911587
-0.8155416216094358 -0.9635154179754104 0.006409832381586064
0.7790570395848462 -0.8155416216094362 0.006409832381586064
-0.9635154179754104 0.7790570395848468 0.006409832381586064
0.7790570395848462 -0.9635154179754104 0.006409832381586064
-0.8155416216094356 0.7790570395848468 0.006409832381586064
-0.9635154179754113 -0.8155416216094351 0.006409832381586064
-0.030317734874820923 -0.9393645302503582 0.01536422115719002
-0.0303177348748202 -0.030317734874821478 0.01536422115719002
-0.9393645302503577 -0.030317734874820312 0.01536422115719002
-0.6827246222738806 -0.6827246222738808 0.023885339280496392
0.36544924454776145 -0.6827246222738808 0.023885339280496392
-0.6827246222738808 0.36544924454776145 0.023885339280496392
-0.8783216152144826 -0.8783216152144828 0.010256504009356137
0.756643230428965 -0.8783216152144817 0.010256504009356137
-0.8783216152144828 0.7566432304289659 0.010256504009356137
-0.859418519043734 -0.9975994887970259 0.0014502691899721711
0.8570180078407605 -0.8594185190437351 0.0014502691899721711
-0.9975994887970239 0.8570180078407574 0.0014502691899721711
0.8570180078407601 -0.9975994887970259 0.0014502691899721711
-0.8594185190437329 0.8570180078407574 0.0014502691899721711
-0.9975994887970259 -0.859418519043734 0.0014502691899721711
