-0.1952561497804134 -0.6094877004391732 0.007092880031954342
-0.19525614978041356 -0.19525614978041284 0.007092880031954342
-0.6094877004391736 -0.19525614978041284 0.007092880031954342
-0.9972692148480911 -0.997269214848092 6.943907087312429e-05
0.9945384296961841 -0.997269214848092 6.943907087312429e-05
-0.9972692148480908 0.9945384296961819 6.943907087312429e-05
-0.33889229263129395 -0.9968591487970742 0.0010654633886810656
0.3357514414283677 -0.33889229263129356 0.0010654633886810656
-0.9968591487970742 0.3357514414283686 0.0010654633886810656
0.33575144142836816 -0.9968591487970742 0.0010654633886810656
-0.3388922926312943 0.3357514414283686 0.0010654633886810656
-0.9968591487970746 -0.3388922926312929 0.0010654633886810656
-0.004936540749589158 -0.9901269185008215 0.002028339285665472
-0.004936540749589657 -0.004936540749588658 0.002028339285665472
-0.9901269185008217 -0.004936540749588658 0.002028339285665472
-0.9591372685347872 -0.9807706617585796 0.0008781540543396486
0.9399079302933668 -0.9591372685347874 0.0008781540543396486
-0.9807706617585785 0.9399079302933648 0.0008781540543396486
0.939907930293366 -0.9807706617585796 0.0008781540543396486
-0.9591372685347856 0.9399079302933648 0.0008781540543396486
-0.9807706617585799 -0.9591372685347863 0.0008781540543396486
-0.8856033876120482 -0.9561928827687416 0.0020740500930708553
0.8417962703807904 -0.8856033876120484 0.0020740500930708553
-0.9561928827687405 0.8417962703807889 0.0020740500930708553
0.84179627038079 -0.9561928827687416 0.0020740500930708553
-0.8856033876120477 0.8417962703807889 0.0020740500930708553
-0.9561928827687418 -0.8856033876120484 0.0020740500930708553
-0.04019940849116166 -0.9196011830176767 0.0056883719140244805
-0.04019940849116116 -0.04019940849116166 0.0056883719140244805
-0.9196011830176767 -0.04019940849116049 0.0056883719140244805
-0.8670673418884325 -0.8670673418884327 0.0037419630760457613
0.7341346837768654 -0.8670673418884327 0.0037419630760457613
-0.8670673418884327 0.7341346837768656 0.0037419630760457613
-0.09345805672410856 -0.9970128974194183 0.0011191039004560884
0.09047095414352713 -0.09345805672410826 0.0011191039004560884
-0.9970128974194179 0.0904709541435279 0.0011191039004560884
0.09047095414352713 -0.9970128974194183 0.0011191039004560884
-0.09345805672410892 0.0904709541435279 0.0011191039004560884
-0.9970128974194179 -0.09345805672410826 0.0011191039004560884
-0.7185350521865596 -0.889117000651271 0.0050758410129295535
0.6076520528378309 -0.7185350521865594 0.0050758410129295535
-0.8891170006512708 0.6076520528378304 0.0050758410129295535
0.6076520528378306 -0.889117000651271 0.0050758410129295535
-0.7185350521865592 0.6076520528378304 0.0050758410129295535
-0.8891170006512719 -0.7185350521865583 0.0050758410129295535
-0.6324227393961179 -0.76261286115721 0.00811631559622792
0.39503560055332804 -0.6324227393961179 0.00811631559622792
-0.7626128611572098 0.39503560055332815 0.00811631559622792
0.39503560055332804 -0.76261286115721 0.00811631559622792
-0.6324227393961177 0.39503560055332815 0.00811631559622792
-0.76261286115721 -0.6324227393961179 0.00811631559622792
-0.9135272212245069 -0.9135272212245082 0.0026652500008159637
0.8270544424490156 -0.9135272212245071 0.0026652500008159637
-0.9135272212245105 0.8270544424490212 0.0026652500008159637
-0.9357756950262439 -0.9972138855656281 0.0004532851504149834
0.9329895805918722 -0.9357756950262444 0.0004532851504149834
-0.9972138855656256 0.9329895805918691 0.0004532851504149834
0.932989580591872 -0.9972138855656281 0.0004532851504149834
-0.9357756950262424 0.9329895805918691 0.0004532851504149834
-0.9972138855656278 -0.9357756950262444 0.0004532851504149834
-0.0193899715967068 -0.9612200568065863 0.004385363363171775
-0.01938997159670658 -0.0193899715967068 0.004385363363171775
-0.9612200568065872 -0.019389971596705635 0.004385363363171775
-0.9140718555986471 -0.9794010496363177 0.0013637066862829956
0.893472905234965 -0.9140718555986476 0.0013637066862829956
-0.9794010496363175 0.8934729052349664 0.0013637066862829956
0.8934729052349648 -0.9794010496363177 0.0013637066862829956
-0.914071855598648 0.8934729052349664 0.0013637066862829956
-0.9794010496363172 -0.9140718555986476 0.0013637066862829956
-0.9789503145398499 -0.994830580015424 0.0003741861372312054
0.9737808945552742 -0.9789503145398502 0.0003741861372312054
-0.9948305800154256 0.973780894555279 0.0003741861372312054
0.9737808945552742 -0.994830580015424 0.0003741861372312054
-0.9789503145398524 0.973780894555279 0.0003741861372312054
-0.9948305800154238 -0.9789503145398502 0.0003741861372312054
-0.8492419428740592 -0.9210513745676854 0.0033732593396474716
0.7702933174417439 -0.8492419428740599 0.0033732593396474716
-0.9210513745676849 0.7702933174417455 0.0033732593396474716
0.7702933174417448 -0.9210513745676854 0.0033732593396474716
-0.8492419428740592 0.7702933174417441 0.0033732593396474716
-0.9210513745676856 -0.8492419428740587 0.0033732593396474716
-0.12733327582008758 -0.9754123229508949 0.0038050995929158017
0.10274559877098294 -0.1273332758200878 0.0038050995929158017
-0.9754123229508949 0.10274559877098383 0.0038050995929158017
0.10274559877098244 -0.9754123229508949 0.0038050995929158017
-0.1273332758200879 0.10274559877098383 0.0038050995929158017
-0.9754123229508955 -0.12733327582008666 0.0038050995929158017
-0.4590185069700458 -0.9948203815043084 0.0015467340505995668
0.4538388884743548 -0.45901850697004554 0.0015467340505995668
-0.9948203815043084 0.4538388884743551 0.0015467340505995668
0.4538388884743542 -0.9948203815043084 0.0015467340505995668
-0.45901850697004654 0.4538388884743551 0.0015467340505995668
-0.9948203815043093 -0.45901850697004554 0.0015467340505995668
-0.2983727132378049 -0.9248872222554061 0.006344775781800483
0.2232599354932116 -0.29837271323780507 0.006344775781800483
-0.9248872222554063 0.2232599354932126 0.006344775781800483
0.22325993549321116 -0.9248872222554061 0.006344775781800483
-0.29837271323780473 0.2232599354932115 0.006344775781800483
-0.9248872222554068 -0.2983727132378046 0.006344775781800483
-0.25446897605141505 -0.9658109065585858 0.004337049419723489
0.2202798826100008 -0.2544689760514156 0.004337049419723489
-0.9658109065585856 0.22027988261000137 0.004337049419723489
0.22027988261000192 -0.9658109065585858 0.004337049419723489
-0.25446897605141566 0.22027988261000137 0.004337049419723489
-0.9658109065585854 -0.25446897605141505 0.004337049419723489
-0.5657852954733167 -0.8284833674113685 0.008148234947281436
0.39426866288468526 -0.5657852954733166 0.008148234947281436
-0.8284833674113681 0.39426866288468626 0.008148234947281436
0.3942686628846854 -0.8284833674113685 0.008148234947281436
-0.5657852954733171 0.39426866288468626 0.008148234947281436
-0.8284833674113687 -0.5657852954733166 0.008148234947281436
-0.6144872699819885 -0.884028710071771 0.006744178028792311
0.49851598005375924 -0.6144872699819884 0.006744178028792311
-0.8840287100717712 0.4985159800537607 0.006744178028792311
0.4985159800537596 -0.884028710071771 0.006744178028792311
-0.6144872699819883 0.4985159800537607 0.006744178028792311
-0.8840287100717723 -0.6144872699819872 0.006744178028792311
-0.15862993862716696 -0.93230365423402 0.006674930830698608
0.09093359286118646 -0.1586299386271668 0.006674930830698608
-0.93230365423402 0.09093359286118813 0.006674930830698608
0.09093359286118702 -0.93230365423402 0.006674930830698608
-0.15862993862716743 0.09093359286118696 0.006674930830698608
-0.9323036542340195 -0.1586299386271668 0.006674930830698608
-0.9460023547432526 -0.9460023547432548 0.001904811911309364
0.8920047094865078 -0.9460023547432537 0.001904811911309364
-0.9460023547432559 0.892004709486512 0.001904811911309364
-0.5750296291258175 -0.9949466172295829 0.001488600921424454
0.5699762463554012 -0.5750296291258183 0.001488600921424454
-0.9949466172295827 0.5699762463554015 0.001488600921424454
0.5699762463554006 -0.9949466172295829 0.001488600921424454
-0.5750296291258177 0.5699762463554015 0.001488600921424454
-0.9949466172295833 -0.5750296291258172 0.001488600921424454
-0.3614855825416258 -0.9786869157689444 0.0034980113150185795
0.34017249831056967 -0.36148558254162516 0.0034980113150185795
-0.9786869157689453 0.34017249831057067 0.0034980113150185795
0.3401724983105702 -0.9786869157689444 0.0034980113150185795
-0.3614855825416253 0.34017249831057067 0.0034980113150185795
-0.9786869157689457 -0.3614855825416246 0.0034980113150185795
-0.7229903861793536 -0.7229903861793547 0.008719700083784946
0.4459807723587084 -0.7229903861793547 0.008719700083784946
-0.7229903861793547 0.44598077235870953 0.008719700083784946
-0.06597358528847175 -0.8680528294230565 0.009065064510065514
-0.06597358528847214 -0.06597358528847175 0.009065064510065514
-0.8680528294230561 -0.06597358528847175 0.009065064510065514
-0.4967235289748543 -0.9731406535154834 0.0038063367908760556
0.4698641824903374 -0.4967235289748547 0.0038063367908760556
-0.973140653515483 0.46986418249033807 0.0038063367908760556
0.46986418249033773 -0.9731406535154834 0.0038063367908760556
-0.496723528974855 0.46986418249033807 0.0038063367908760556
-0.9731406535154836 -0.4967235289748547 0.0038063367908760556
-0.6955760370863812 -0.8233164434134697 0.0079162889815132
0.5188924804998516 -0.6955760370863812 0.0079162889815132
-0.8233164434134701 0.518892480499852 0.0079162889815132
0.5188924804998509 -0.8233164434134697 0.0079162889815132
-0.6955760370863815 0.518892480499852 0.0079162889815132
-0.8233164434134703 -0.6955760370863812 0.0079162889815132
-0.7777158104119335 -0.9341557635776787 0.004326660023835018
0.711871573989612 -0.7777158104119338 0.004326660023835018
-0.9341557635776785 0.7118715739896126 0.004326660023835018
0.7118715739896124 -0.9341557635776787 0.004326660023835018
-0.7777158104119335 0.7118715739896126 0.004326660023835018
-0.9341557635776787 -0.7777158104119326 0.004326660023835018
-0.28369988229749915 -0.6103984784453451 0.012533482793083674
-0.10590163925715637 -0.2836998822974992 0.012533482793083674
-0.6103984784453453 -0.10590163925715526 0.012533482793083674
-0.10590163925715562 -0.6103984784453451 0.012533482793083674
-0.2836998822974993 -0.10590163925715526 0.012533482793083674
-0.6103984784453445 -0.2836998822974991 0.012533482793083674
-0.6724002860876995 -0.9370779680762169 0.004862941889505626
0.6094782541639163 -0.6724002860877005 0.004862941889505626
-0.9370779680762167 0.6094782541639174 0.004862941889505626
0.6094782541639165 -0.9370779680762169 0.004862941889505626
-0.6724002860876996 0.6094782541639174 0.004862941889505626
-0.9370779680762171 -0.6724002860876994 0.004862941889505626
-0.7957744533266509 -0.8652633796709481 0.005653156195204919
0.6610378329975997 -0.7957744533266511 0.005653156195204919
-0.8652633796709484 0.6610378329976005 0.005653156195204919
0.6610378329975992 -0.8652633796709481 0.005653156195204919
-0.7957744533266515 0.6610378329976005 0.005653156195204919
-0.8652633796709484 -0.7957744533266511 0.005653156195204919
-0.5328885939612968 -0.6268695116000544 0.012950712450966595
0.15975810556135145 -0.5328885939612968 0.012950712450966595
-0.6268695116000549 0.15975810556135245 0.012950712450966595
0.15975810556135123 -0.6268695116000544 0.012950712450966595
-0.5328885939612972 0.15975810556135245 0.012950712450966595
-0.6268695116000544 -0.5328885939612968 0.012950712450966595
-0.35716707433657696 -0.87223303317521 0.008496964902508376
0.22940010751178658 -0.3571670743365772 0.008496964902508376
-0.8722330331752095 0.22940010751178724 0.008496964902508376
0.22940010751178702 -0.87223303317521 0.008496964902508376
-0.3571670743365776 0.22940010751178724 0.008496964902508376
-0.8722330331752097 -0.35716707433657663 0.008496964902508376
-0.5533276302085748 -0.9348575564101005 0.0058201718181245116
0.48818518661867466 -0.5533276302085752 0.0058201718181245116
-0.9348575564100998 0.48818518661867577 0.0058201718181245116
0.4881851866186753 -0.9348575564101005 0.0058201718181245116
-0.5533276302085749 0.48818518661867577 0.0058201718181245116
-0.9348575564101009 -0.5533276302085741 0.0058201718181245116
-0.6188237621073598 -0.9734530344876844 0.003508788661862822
0.5922767965950435 -0.6188237621073589 0.003508788661862822
-0.9734530344876842 0.5922767965950444 0.003508788661862822
0.5922767965950442 -0.9734530344876844 0.003508788661862822
-0.6188237621073591 0.5922767965950444 0.003508788661862822
-0.9734530344876844 -0.6188237621073589 0.003508788661862822
-0.5452883195090412 -0.7275324489817434 0.010655628727065164
0.27282076849078435 -0.5452883195090406 0.010655628727065164
-0.7275324489817439 0.27282076849078535 0.010655628727065164
0.2728207684907848 -0.7275324489817434 0.010655628727065164
-0.5452883195090412 0.27282076849078535 0.010655628727065164
-0.7275324489817436 -0.5452883195090406 0.010655628727065164
-0.7868391482822814 -0.786839148282283 0.007392141323107759
0.573678296564565 -0.7868391482822819 0.007392141323107759
-0.7868391482822824 0.5736782965645648 0.007392141323107759
-0.6864641544256799 -0.9947692449322223 0.001423471030106763
0.6812333993579021 -0.6864641544256802 0.001423471030106763
-0.9947692449322212 0.6812333993579025 0.001423471030106763
0.6812333993579023 -0.9947692449322223 0.001423471030106763
-0.6864641544256802 0.6812333993579025 0.001423471030106763
-0.9947692449322225 -0.686464154425679 0.001423471030106763
-0.731933330026443 -0.973037577589686 0.0031370392362868775
0.7049709076161295 -0.7319333300264428 0.0031370392362868775
-0.973037577589686 0.7049709076161301 0.0031370392362868775
0.704970907616129 -0.973037577589686 0.0031370392362868775
-0.731933330026443 0.7049709076161301 0.0031370392362868775
-0.9730375775896865 -0.7319333300264428 0.0031370392362868775
-0.4085576485090933 -0.6162317912955873 0.013819367406770694
0.024789439804680402 -0.4085576485090927 0.013819367406770694
-0.6162317912955877 0.02478943980468129 0.013819367406770694
0.02478943980468068 -0.6162317912955873 0.013819367406770694
-0.4085576485090936 0.02478943980468129 0.013819367406770694
-0.6162317912955878 -0.4085576485090924 0.013819367406770694
-0.7865614563739985 -0.9949054367356609 0.0012155337786768346
0.7814668931096598 -0.7865614563739993 0.0012155337786768346
-0.99490543673566 0.7814668931096602 0.0012155337786768346
0.7814668931096596 -0.9949054367356609 0.0012155337786768346
-0.7865614563739991 0.7814668931096602 0.0012155337786768346
-0.9949054367356609 -0.7865614563739982 0.0012155337786768346
-0.17486716103216676 -0.7979254112884808 0.011719812101103608
-0.02720742767935247 -0.17486716103216696 0.011719812101103608
-0.7979254112884808 -0.027207427679352136 0.011719812101103608
-0.02720742767935236 -0.7979254112884808 0.011719812101103608
-0.1748671610321669 -0.027207427679352136 0.011719812101103608
-0.797925411288481 -0.17486716103216582 0.011719812101103608
-0.38429603401422757 -0.5004985176694228 0.01553037208125935
-0.1152054483163491 -0.38429603401422774 0.01553037208125935
-0.5004985176694224 -0.11520544831634949 0.01553037208125935
-0.11520544831634955 -0.5004985176694228 0.01553037208125935
-0.38429603401422774 -0.11520544831634949 0.01553037208125935
-0.5004985176694232 -0.3842960340142274 0.01553037208125935
-0.8259589026006071 -0.9725747494228836 0.0026200816659722246
0.7985336520234909 -0.8259589026006076 0.0026200816659722246
-0.9725747494228838 0.7985336520234911 0.0026200816659722246
0.7985336520234909 -0.9725747494228836 0.0026200816659722246
-0.8259589026006067 0.7985336520234911 0.0026200816659722246
-0.9725747494228849 -0.8259589026006063 0.0026200816659722246
-0.22114333663756025 -0.9933108091331955 0.0021141944983445416
0.21445414577075522 -0.22114333663756047 0.0021141944983445416
-0.9933108091331952 0.21445414577075644 0.0021141944983445416
0.21445414577075578 -0.9933108091331955 0.0021141944983445416
-0.2211433366375612 0.21445414577075644 0.0021141944983445416
-0.993310809133195 -0.22114333663756003 0.0021141944983445416
-0.3765292178548253 -0.3765292178548252 0.01619467521805682
-0.24694156429034947 -0.3765292178548252 0.01619467521805682
-0.37652921785482546 -0.24694156429034916 0.01619467521805682
-0.47741205937164627 -0.8886507391387894 0.008082395301501205
0.3660627985104358 -0.4774120593716457 0.008082395301501205
-0.8886507391387901 0.36606279851043627 0.008082395301501205
0.3660627985104357 -0.8886507391387894 0.008082395301501205
-0.4774120593716461 0.36606279851043627 0.008082395301501205
-0.8886507391387901 -0.4774120593716457 0.008082395301501205
-0.8700489337803763 -0.9943924828129194 0.0010484957826918772
0.8644414165932963 -0.8700489337803765 0.0010484957826918772
-0.9943924828129169 0.8644414165932914 0.0010484957826918772
0.8644414165932959 -0.9943924828129194 0.0010484957826918772
-0.8700489337803736 0.8644414165932914 0.0010484957826918772
-0.9943924828129203 -0.8700489337803754 0.0010484957826918772
-0.456099987803738 -0.80729899984552 0.010409736012640223
0.2633989876492581 -0.45609998780373817 0.010409736012640223
-0.80729899984552 0.26339898764925823 0.010409736012640223
0.263398987649258 -0.80729899984552 0.010409736012640223
-0.45609998780373806 0.26339898764925823 0.010409736012640223
-0.8072989998455204 -0.456099987803737 0.010409736012640223
-0.4138192714549069 -0.9416017867991282 0.006066622652539751
0.35542105825403575 -0.4138192714549075 0.006066622652539751
-0.941601786799128 0.3554210582540362 0.006066622652539751
0.3554210582540351 -0.9416017867991282 0.006066622652539751
-0.41381927145490804 0.3554210582540362 0.006066622652539751
-0.9416017867991284 -0.4138192714549069 0.006066622652539751
-0.21067034682436123 -0.8728508986756616 0.009737104720795748
0.08352124550002343 -0.21067034682436087 0.009737104720795748
-0.8728508986756618 0.0835212455000236 0.009737104720795748
0.08352124550002277 -0.8728508986756616 0.009737104720795748
-0.21067034682436178 0.0835212455000236 0.009737104720795748
-0.8728508986756625 -0.21067034682436087 0.009737104720795748
-0.28629556361403463 -0.7121428398689127 0.01320574523617791
-0.001561596517052899 -0.28629556361403413 0.01320574523617791
-0.7121428398689127 -0.0015615965170525659 0.01320574523617791
-0.0015615965170526214 -0.7121428398689127 0.01320574523617791
-0.2862955636140347 -0.0015615965170525659 0.01320574523617791
-0.712142839868913 -0.2862955636140339 0.01320574523617791
-0.5102788482622367 -0.5102788482622368 0.014581202105573505
0.020557696524473423 -0.5102788482622368 0.014581202105573505
-0.5102788482622368 0.02055769652447359 0.014581202105573505
-0.3172772967222475 -0.8015826004934009 0.011306273376624822
0.1188598972156476 -0.3172772967222472 0.011306273376624822
-0.8015826004934004 0.11885989721564888 0.011306273376624822
0.11885989721564849 -0.8015826004934009 0.011306273376624822
-0.3172772967222474 0.11885989721564888 0.011306273376624822
-0.8015826004934005 -0.31727729672224697 0.011306273376624822
-0.42097411784097105 -0.7192221571570738 0.012383858024687902
0.14019627499804538 -0.42097411784097066 0.012383858024687902
-0.7192221571570745 0.14019627499804505 0.012383858024687902
0.140196274998045 -0.7192221571570738 0.012383858024687902
-0.4209741178409705 0.14019627499804505 0.012383858024687902
-0.7192221571570747 -0.42097411784097044 0.012383858024687902
-0.6503297083776184 -0.6503297083776192 0.012111053564050735
0.30065941675523705 -0.650329708377618 0.012111053564050735
-0.6503297083776187 0.3006594167552374 0.012111053564050735
-0.14486133169961932 -0.7102773366007613 0.01351788927845959
-0.14486133169961962 -0.14486133169961876 0.01351788927845959
-0.7102773366007615 -0.14486133169961876 0.01351788927845959
-0.2514596866431049 -0.49708062671379005 0.015844089153182597
-0.2514596866431048 -0.25145968664310436 0.015844089153182597
-0.49708062671379083 -0.25145968664310425 0.015844089153182597
