-0.3333333333333330 -0.3333333333333330 0.0860161619403370
-0.0314376231623770 -0.0314376231623770 0.0208610425815050
-0.9371247536752449 -0.0314376231623770 0.0208610425815050
-0.0314376231623770 -0.9371247536752449 0.0208610425815050
-0.1901790671558370 -0.1901790671558370 0.0849065774337610
-0.6196418656883250 -0.1901790671558370 0.0849065774337610
-0.1901790671558370 -0.6196418656883250 0.0849065774337610
-0.5449450177241600 -0.5449450177241600 0.0944129556943850
0.0898900354483200 -0.5449450177241600 0.0944129556943850
-0.5449450177241600 0.0898900354483200 0.0944129556943850
-0.8290844345288950 -0.8290844345288950 0.0369314205301080
0.6581688690577900 -0.8290844345288950 0.0369314205301080
-0.8290844345288950 0.6581688690577900 0.0369314205301080
-0.9617318432291870 -0.9617318432291870 0.0095668592234330
0.9234636864583740 -0.9617318432291870 0.0095668592234330
-0.9617318432291870 0.9234636864583740 0.0095668592234330
-0.2280559092941460 0.2002574897432430 0.0238733321025990
0.2002574897432430 -0.2280559092941460 0.0238733321025990
-0.9722015804490980 0.2002574897432430 0.0238733321025990
0.2002574897432430 -0.9722015804490980 0.0238733321025990
-0.9722015804490970 -0.2280559092941460 0.0238733321025990
-0.2280559092941460 -0.9722015804490970 0.0238733321025990
-0.8019263052377330 0.7695185686278720 0.0180065419689310
0.7695185686278720 -0.8019263052377330 0.0180065419689310
-0.9675922633901390 0.7695185686278720 0.0180065419689310
0.7695185686278720 -0.9675922633901390 0.0180065419689310
-0.9675922633901390 -0.8019263052377330 0.0180065419689310
-0.8019263052377330 -0.9675922633901390 0.0180065419689310
-0.5448937841450960 0.5043557015577470 0.0301179133574560
0.5043557015577470 -0.5448937841450960 0.0301179133574560
-0.9594619174126510 0.5043557015577470 0.0301179133574560
0.5043557015577470 -0.9594619174126510 0.0301179133574560
-0.9594619174126510 -0.5448937841450950 0.0301179133574560
-0.5448937841450950 -0.9594619174126510 0.0301179133574560
-0.2884290739617690 0.1093996113167410 0.0670353351442050
0.1093996113167410 -0.2884290739617690 0.0670353351442050
-0.8209705373549721 0.1093996113167410 0.0670353351442050
0.1093996113167410 -0.8209705373549721 0.0670353351442050
-0.8209705373549721 -0.2884290739617690 0.0670353351442050
-0.2884290739617690 -0.8209705373549721 0.0670353351442050
-0.5935078852806051 0.3976587569924480 0.0566247560384900
0.3976587569924480 -0.5935078852806051 0.0566247560384900
-0.8041508717118420 0.3976587569924470 0.0566247560384900
0.3976587569924470 -0.8041508717118420 0.0566247560384900
-0.8041508717118420 -0.5935078852806051 0.0566247560384900
-0.5935078852806051 -0.8041508717118420 0.0566247560384900