-0.3333333333333330 -0.3333333333333330 0.0552208539953990
-0.0015006493244290 -0.0015006493244290 0.0035580590946530
-0.9969987013511420 -0.0015006493244290 0.0035580590946530
-0.0015006493244290 -0.9969987013511420 0.0035580590946530
-0.0941397519389510 -0.0941397519389510 0.0402247962279220
-0.8117204961220980 -0.0941397519389510 0.0402247962279220
-0.0941397519389510 -0.8117204961220980 0.0402247962279220
-0.2044721240895260 -0.2044721240895260 0.0536356945186630
-0.5910557518209471 -0.2044721240895260 0.0536356945186630
-0.2044721240895260 -0.5910557518209471 0.0536356945186630
-0.4709995949344250 -0.4709995949344250 0.0490462676030040
-0.0580008101311490 -0.4709995949344250 0.0490462676030040
-0.4709995949344250 -0.0580008101311490 0.0490462676030040
-0.5779620718158460 -0.5779620718158460 0.0327891568213910
0.1559241436316930 -0.5779620718158460 0.0327891568213910
-0.5779620718158460 0.1559241436316930 0.0327891568213910
-0.7845287856574570 -0.7845287856574570 0.0295918147972990
0.5690575713149150 -0.7845287856574570 0.0295918147972990
-0.7845287856574570 0.5690575713149150 0.0295918147972990
-0.9218618243243950 -0.9218618243243950 0.0091585645554090
0.8437236486487890 -0.9218618243243950 0.0091585645554090
-0.9218618243243950 0.8437236486487890 0.0091585645554090
-0.9776512405413410 -0.9776512405413410 0.0033036530311520
0.9553024810826810 -0.9776512405413410 0.0033036530311520
-0.9776512405413410 0.9553024810826810 0.0033036530311520
-0.8729006681832960 0.8622014318086210 0.0046983418171510
0.8622014318086210 -0.8729006681832960 0.0046983418171510
-0.9893007636253250 0.8622014318086210 0.0046983418171510
0.8622014318086210 -0.9893007636253250 0.0046983418171510
-0.9893007636253250 -0.8729006681832950 0.0046983418171510
-0.8729006681832950 -0.9893007636253250 0.0046983418171510
-0.6857861621185860 0.6698765279861880 0.0089318515083640
0.6698765279861880 -0.6857861621185860 0.0089318515083640
-0.9840903658676020 0.6698765279861880 0.0089318515083640
0.6698765279861880 -0.9840903658676020 0.0089318515083640
-0.9840903658676020 -0.6857861621185860 0.0089318515083640
-0.6857861621185860 -0.9840903658676020 0.0089318515083640
-0.2087157712712520 0.1878709747087240 0.0121991336158160
0.1878709747087240 -0.2087157712712520 0.0121991336158160
-0.9791552034374720 0.1878709747087240 0.0121991336158160
0.1878709747087240 -0.9791552034374720 0.0121991336158160
-0.9791552034374720 -0.2087157712712520 0.0121991336158160
-0.2087157712712520 -0.9791552034374720 0.0121991336158160
-0.4536648585741790 0.4317360289819320 0.0137821626543760
0.4317360289819320 -0.4536648585741790 0.0137821626543760
-0.9780711704077530 0.4317360289819320 0.0137821626543760
0.4317360289819320 -0.9780711704077530 0.0137821626543760
-0.9780711704077530 -0.4536648585741790 0.0137821626543760
-0.4536648585741790 -0.9780711704077530 0.0137821626543760
-0.7964292350299660 0.7192958108590410 0.0159949501449560
0.7192958108590410 -0.7964292350299660 0.0159949501449560
-0.9228665758290751 0.7192958108590410 0.0159949501449560
0.7192958108590410 -0.9228665758290751 0.0159949501449560
-0.9228665758290751 -0.7964292350299660 0.0159949501449560
-0.7964292350299660 -0.9228665758290751 0.0159949501449560
-0.1066829016471720 0.0355218860127360 0.0147722685706720
0.0355218860127360 -0.1066829016471720 0.0147722685706720
-0.9288389843655630 0.0355218860127360 0.0147722685706720
0.0355218860127360 -0.9288389843655630 0.0147722685706720
-0.9288389843655640 -0.1066829016471720 0.0147722685706720
-0.1066829016471720 -0.9288389843655640 0.0147722685706720
-0.6019784117009940 0.5026367789754660 0.0255986637572970
0.5026367789754660 -0.6019784117009940 0.0255986637572970
-0.9006583672744720 0.5026367789754660 0.0255986637572970
0.5026367789754660 -0.9006583672744720 0.0255986637572970
-0.9006583672744720 -0.6019784117009940 0.0255986637572970
-0.6019784117009940 -0.9006583672744720 0.0255986637572970
-0.3514776326154350 0.2344381824467710 0.0345161423513930
0.2344381824467710 -0.3514776326154350 0.0345161423513930
-0.8829605498313370 0.2344381824467710 0.0345161423513930
0.2344381824467710 -0.8829605498313370 0.0345161423513930
-0.8829605498313370 -0.3514776326154350 0.0345161423513930
-0.3514776326154350 -0.8829605498313370 0.0345161423513930
-0.5829372735797340 0.3399416995709460 0.0373458918058710
0.3399416995709460 -0.5829372735797340 0.0373458918058710
-0.7570044259912110 0.3399416995709460 0.0373458918058710
0.3399416995709460 -0.7570044259912110 0.0373458918058710
-0.7570044259912110 -0.5829372735797340 0.0373458918058710
-0.5829372735797340 -0.7570044259912110 0.0373458918058710
-0.3536588669274850 0.0722371770396080 0.0456364481167910
0.0722371770396080 -0.3536588669274850 0.0456364481167910
-0.7185783101121230 0.0722371770396080 0.0456364481167910
0.0722371770396080 -0.7185783101121230 0.0456364481167910
-0.7185783101121230 -0.3536588669274850 0.0456364481167910
-0.3536588669274850 -0.7185783101121230 0.0456364481167910