-0.3045510825783811 -0.39089783484323776 0.008730277507565484
-0.30455108257838104 -0.3045510825783808 0.008730277507565484
-0.3908978348432379 -0.3045510825783807 0.008730277507565484
-0.26086541681966746 -0.5685987116607665 0.00743986282459342
-0.1705358715195663 -0.2608654168196673 0.00743986282459342
-0.5685987116607663 -0.17053587151956548 0.00743986282459342
-0.17053587151956595 -0.5685987116607665 0.00743986282459342
-0.26086541681966824 -0.17053587151956548 0.00743986282459342
-0.5685987116607664 -0.2608654168196672 0.00743986282459342
-0.383036204013276 -0.783397000155992 0.0060652218891404115
0.16643320416926766 -0.3830362040132753 0.0060652218891404115
-0.783397000155992 0.166433204169268 0.0060652218891404115
0.16643320416926805 -0.783397000155992 0.0060652218891404115
-0.383036204013276 0.166433204169268 0.0060652218891404115
-0.7833970001559925 -0.3830362040132752 0.0060652218891404115
-0.3607145415508975 -0.9306080944577269 0.003694021729666984
0.29132263600862457 -0.36071454155089716 0.003694021729666984
-0.9306080944577273 0.29132263600862457 0.003694021729666984
0.29132263600862446 -0.9306080944577269 0.003694021729666984
-0.36071454155089727 0.29132263600862457 0.003694021729666984
-0.9306080944577275 -0.3607145415508968 0.003694021729666984
-0.2531374574893556 -0.49372508502128876 0.007938350090605175
-0.25313745748935623 -0.25313745748935546 0.007938350090605175
-0.4937250850212883 -0.25313745748935534 0.007938350090605175
-0.9952040588162026 -0.9973078721381006 4.7545816169731605e-05
0.9925119309543038 -0.9952040588162037 4.7545816169731605e-05
-0.9973078721381023 0.9925119309543078 4.7545816169731605e-05
0.9925119309543033 -0.9973078721381006 4.7545816169731605e-05
-0.9952040588162046 0.9925119309543078 4.7545816169731605e-05
-0.9973078721381017 -0.9952040588162026 4.7545816169731605e-05
-0.34383036438233766 -0.9616584318393566 0.0030899349052819366
0.3054887962216947 -0.3438303643823374 0.0030899349052819366
-0.9616584318393562 0.3054887962216946 0.0030899349052819366
0.3054887962216944 -0.9616584318393566 0.0030899349052819366
-0.3438303643823373 0.3054887962216946 0.0030899349052819366
-0.9616584318393577 -0.3438303643823368 0.0030899349052819366
-0.360374183454561 -0.4472768693783805 0.010063773965398794
-0.19234894716705858 -0.3603741834545608 0.010063773965398794
-0.4472768693783809 -0.19234894716705775 0.010063773965398794
-0.19234894716705853 -0.4472768693783805 0.010063773965398794
-0.3603741834545612 -0.19234894716705775 0.010063773965398794
-0.44727686937838057 -0.3603741834545608 0.010063773965398794
-0.6821467972763605 -0.9967176633123649 0.0007774715336019668
0.6788644605887248 -0.6821467972763595 0.0007774715336019668
-0.9967176633123649 0.6788644605887257 0.0007774715336019668
0.6788644605887255 -0.9967176633123649 0.0007774715336019668
-0.6821467972763597 0.6788644605887257 0.0007774715336019668
-0.9967176633123651 -0.6821467972763595 0.0007774715336019668
-0.6074480456055285 -0.8933536131573532 0.004585938670638929
0.5008016587628812 -0.6074480456055285 0.004585938670638929
-0.8933536131573534 0.5008016587628827 0.004585938670638929
0.5008016587628816 -0.8933536131573532 0.004585938670638929
-0.6074480456055293 0.5008016587628827 0.004585938670638929
-0.8933536131573536 -0.6074480456055285 0.004585938670638929
-0.021321892874293147 -0.9573562142514136 0.003644229073569019
-0.021321892874293702 -0.021321892874292647 0.003644229073569019
-0.9573562142514136 -0.021321892874292647 0.003644229073569019
-0.4133156308196362 -0.8341423271977235 0.006518016391541897
0.2474579580173602 -0.4133156308196364 0.006518016391541897
-0.8341423271977231 0.2474579580173603 0.006518016391541897
0.24745795801735987 -0.8341423271977235 0.006518016391541897
-0.4133156308196361 0.2474579580173603 0.006518016391541897
-0.8341423271977237 -0.4133156308196362 0.006518016391541897
-0.9031781503497198 -0.9031781503497203 0.0024228945001299553
0.8063563006994396 -0.9031781503497192 0.0024228945001299553
-0.9031781503497205 0.8063563006994408 0.0024228945001299553
-0.8396809025040484 -0.839680902504049 0.0038619089792541455
0.6793618050080976 -0.839680902504049 0.0038619089792541455
-0.839680902504049 0.6793618050080983 0.0038619089792541455
-0.7505453482372042 -0.9533619657016377 0.0025988687868030436
0.7039073139388419 -0.7505453482372053 0.0025988687868030436
-0.9533619657016374 0.7039073139388432 0.0025988687868030436
0.7039073139388419 -0.9533619657016377 0.0025988687868030436
-0.7505453482372055 0.7039073139388432 0.0025988687868030436
-0.9533619657016379 -0.7505453482372042 0.0025988687868030436
-0.37681350811344083 -0.7225738120812284 0.008088463598283026
0.09938732019466939 -0.3768135081134407 0.008088463598283026
-0.7225738120812295 0.09938732019467095 0.008088463598283026
0.09938732019466917 -0.7225738120812284 0.008088463598283026
-0.37681350811344083 0.09938732019466978 0.008088463598283026
-0.7225738120812288 -0.3768135081134403 0.008088463598283026
-0.04181946808157311 -0.9163610638368538 0.005280048751282145
-0.041819468081572386 -0.04181946808157311 0.005280048751282145
-0.9163610638368549 -0.04181946808157194 0.005280048751282145
-0.06671516930313054 -0.8665696613937388 0.006568384172812141
-0.0667151693031307 -0.06671516930313054 0.006568384172812141
-0.8665696613937386 -0.06671516930313054 0.006568384172812141
-0.7789171179362383 -0.9789187211837553 0.001728958214189034
0.7578358391199931 -0.7789171179362382 0.001728958214189034
-0.9789187211837553 0.7578358391199949 0.001728958214189034
0.7578358391199937 -0.9789187211837553 0.001728958214189034
-0.7789171179362377 0.7578358391199935 0.001728958214189034
-0.9789187211837549 -0.7789171179362382 0.001728958214189034
-0.40516560744816593 -0.9793054988649841 0.0025319428729514834
0.3844711063131497 -0.4051656074481654 0.0025319428729514834
-0.9793054988649843 0.3844711063131508 0.0025319428729514834
0.38447110631315 -0.9793054988649841 0.0025319428729514834
-0.4051656074481654 0.3844711063131508 0.0025319428729514834
-0.9793054988649845 -0.40516560744816477 0.0025319428729514834
-0.4118638826954425 -0.892436236682447 0.005485177190483032
0.3043001193778893 -0.4118638826954427 0.005485177190483032
-0.892436236682447 0.3043001193778902 0.005485177190483032
0.30430011937788953 -0.892436236682447 0.005485177190483032
-0.41186388269544305 0.3043001193778902 0.005485177190483032
-0.8924362366824468 -0.4118638826954424 0.005485177190483032
-0.7771975647873781 -0.8604792839591078 0.004230815107331494
0.6376768487464852 -0.7771975647873786 0.004230815107331494
-0.8604792839591073 0.6376768487464863 0.004230815107331494
0.6376768487464859 -0.8604792839591078 0.004230815107331494
-0.7771975647873783 0.6376768487464863 0.004230815107331494
-0.8604792839591082 -0.7771975647873774 0.004230815107331494
-0.1125130922727412 -0.9689953944414984 0.0032463090545713706
0.08150848671423977 -0.11251309227274159 0.0032463090545713706
-0.968995394441498 0.08150848671423994 0.0032463090545713706
0.08150848671423949 -0.9689953944414984 0.0032463090545713706
-0.11251309227274195 0.08150848671423994 0.0032463090545713706
-0.9689953944414986 -0.11251309227274045 0.0032463090545713706
-0.26472857614119494 -0.920754985482366 0.005082547466810594
0.18548356162356144 -0.26472857614119494 0.005082547466810594
-0.920754985482366 0.1854835616235621 0.005082547466810594
0.185483561623561 -0.920754985482366 0.005082547466810594
-0.2647285761411945 0.185483561623561 0.005082547466810594
-0.9207549854823667 -0.2647285761411945 0.005082547466810594
-0.903233162212751 -0.976378598152672 0.0012452709442243482
0.8796117603654241 -0.9032331622127521 0.0012452709442243482
-0.9763785981526718 0.8796117603654241 0.0012452709442243482
0.879611760365423 -0.976378598152672 0.0012452709442243482
-0.9032331622127516 0.8796117603654241 0.0012452709442243482
-0.9763785981526725 -0.903233162212751 0.0012452709442243482
-0.14760290793030326 -0.9294242153072554 0.005283680759952543
0.07702712323755845 -0.14760290793030287 0.005283680759952543
-0.9294242153072556 0.0770271232375595 0.005283680759952543
0.07702712323755873 -0.9294242153072554 0.005283680759952543
-0.14760290793030373 0.0770271232375595 0.005283680759952543
-0.9294242153072556 -0.14760290793030287 0.005283680759952543
-0.3071925849833149 -0.87056981399605 0.006530634205514776
0.17776239897936436 -0.30719258498331464 0.006530634205514776
-0.8705698139960496 0.17776239897936513 0.006530634205514776
0.17776239897936502 -0.87056981399605 0.006530634205514776
-0.30719258498331453 0.17776239897936513 0.006530634205514776
-0.8705698139960498 -0.3071925849833143 0.006530634205514776
-0.8476627118415969 -0.9791548568647161 0.0015310291718448378
0.8268175687063131 -0.8476627118415976 0.0015310291718448378
-0.9791548568647184 0.8268175687063186 0.0015310291718448378
0.8268175687063131 -0.9791548568647161 0.0015310291718448378
-0.8476627118415996 0.8268175687063186 0.0015310291718448378
-0.9791548568647168 -0.8476627118415965 0.0015310291718448378
-0.36028838802158614 -0.5457901649386617 0.01032827218894306
-0.09392144703975214 -0.3602883880215857 0.01032827218894306
-0.5457901649386621 -0.09392144703975183 0.01032827218894306
-0.09392144703975211 -0.5457901649386617 0.01032827218894306
-0.36028838802158586 -0.09392144703975183 0.01032827218894306
-0.5457901649386622 -0.3602883880215856 0.01032827218894306
-0.7700465000473444 -0.9136902238388589 0.0037108779625516764
0.6837367238862031 -0.770046500047344 0.0037108779625516764
-0.9136902238388589 0.6837367238862042 0.0037108779625516764
0.6837367238862035 -0.9136902238388589 0.0037108779625516764
-0.7700465000473444 0.6837367238862042 0.0037108779625516764
-0.9136902238388589 -0.770046500047344 0.0037108779625516764
-0.6893176250273302 -0.9020501035632196 0.004559620022724619
0.5913677285905492 -0.6893176250273303 0.004559620022724619
-0.9020501035632189 0.5913677285905499 0.004559620022724619
0.5913677285905499 -0.9020501035632196 0.004559620022724619
-0.6893176250273298 0.5913677285905499 0.004559620022724619
-0.9020501035632196 -0.6893176250273291 0.004559620022724619
-0.6926717210438695 -0.9810909023159466 0.0020535892343921756
0.6737626233598157 -0.6926717210438692 0.0020535892343921756
-0.9810909023159464 0.6737626233598171 0.0020535892343921756
0.6737626233598164 -0.9810909023159466 0.0020535892343921756
-0.6926717210438695 0.6737626233598171 0.0020535892343921756
-0.9810909023159473 -0.6926717210438692 0.0020535892343921756
-0.8402923584563537 -0.9962113882417745 0.0006656862422532449
0.836503746698128 -0.8402923584563535 0.0006656862422532449
-0.9962113882417774 0.836503746698134 0.0006656862422532449
0.8365037466981284 -0.9962113882417745 0.0006656862422532449
-0.840292358456356 0.836503746698134 0.0006656862422532449
-0.9962113882417758 -0.8402923584563524 0.0006656862422532449
-0.9765908510657724 -0.9765908510657733 0.0006458899168696314
0.9531817021315467 -0.9765908510657733 0.0006458899168696314
-0.976590851065771 0.9531817021315421 0.0006458899168696314
-0.6042797757429026 -0.9759433551926147 0.002431498622903442
0.5802231309355177 -0.6042797757429033 0.002431498622903442
-0.975943355192614 0.5802231309355179 0.002431498622903442
0.5802231309355175 -0.9759433551926147 0.002431498622903442
-0.604279775742903 0.5802231309355179 0.002431498622903442
-0.9759433551926149 -0.6042797757429021 0.002431498622903442
-0.3661692392384364 -0.9961910644441272 0.0011786231457913512
0.36236030368256417 -0.36616923923843625 0.0011786231457913512
-0.9961910644441274 0.36236030368256505 0.0011786231457913512
0.3623603036825636 -0.9961910644441272 0.0011786231457913512
-0.36616923923843586 0.36236030368256383 0.0011786231457913512
-0.9961910644441281 -0.3661692392384357 0.0011786231457913512
-0.6708720456731732 -0.9475895524152875 0.0034685316089897193
0.6184615980884596 -0.6708720456731729 0.0034685316089897193
-0.9475895524152873 0.6184615980884607 0.0034685316089897193
0.6184615980884609 -0.9475895524152875 0.0034685316089897193
-0.6708720456731734 0.6184615980884607 0.0034685316089897193
-0.9475895524152875 -0.6708720456731729 0.0034685316089897193
-0.2777403280401242 -0.8110581569519475 0.008099750151520929
0.08879848499207099 -0.27774032804012394 0.008099750151520929
-0.8110581569519468 0.08879848499207155 0.008099750151520929
0.08879848499207177 -0.8110581569519475 0.008099750151520929
-0.2777403280401237 0.08879848499207155 0.008099750151520929
-0.8110581569519473 -0.27774032804012355 0.008099750151520929
-0.16034804509154105 -0.8073533019324328 0.00854846459542569
-0.03229865297602669 -0.16034804509154063 0.00854846459542569
-0.8073533019324333 -0.032298652976025355 0.00854846459542569
-0.032298652976025966 -0.8073533019324328 0.00854846459542569
-0.16034804509154127 -0.032298652976025355 0.00854846459542569
-0.8073533019324326 -0.16034804509154063 0.00854846459542569
-0.5136495508506733 -0.8930193654731453 0.0056670170951604905
0.4066689163238187 -0.5136495508506733 0.0056670170951604905
-0.893019365473146 0.4066689163238199 0.0056670170951604905
0.4066689163238187 -0.8930193654731453 0.0056670170951604905
-0.513649550850674 0.4066689163238199 0.0056670170951604905
-0.8930193654731453 -0.5136495508506733 0.0056670170951604905
-0.7080335537727132 -0.8409510427983258 0.005487625091767482
0.5489845965710387 -0.7080335537727132 0.005487625091767482
-0.8409510427983256 0.5489845965710389 0.005487625091767482
0.5489845965710389 -0.8409510427983258 0.005487625091767482
-0.7080335537727132 0.5489845965710389 0.005487625091767482
-0.8409510427983253 -0.7080335537727132 0.005487625091767482
-0.9455214334640398 -0.9779384904370563 0.000946042912710105
0.9234599239010957 -0.9455214334640394 0.000946042912710105
-0.977938490437058 0.9234599239011003 0.000946042912710105
0.9234599239010961 -0.9779384904370563 0.000946042912710105
-0.9455214334640416 0.9234599239011003 0.000946042912710105
-0.9779384904370563 -0.9455214334640394 0.000946042912710105
-0.5093725820704427 -0.9756275340720426 0.0027466354883220133
0.48500011614248567 -0.5093725820704434 0.0027466354883220133
-0.975627534072042 0.4850001161424861 0.0027466354883220133
0.48500011614248534 -0.9756275340720426 0.0027466354883220133
-0.509372582070443 0.4850001161424861 0.0027466354883220133
-0.9756275340720428 -0.5093725820704422 0.0027466354883220133
-0.46430697257766207 -0.46430697257766185 0.010862092607990214
-0.07138605484467603 -0.46430697257766185 0.010862092607990214
-0.4643069725776624 -0.07138605484467508 0.010862092607990214
-0.7668915618530947 -0.9957735634750446 0.0008466019829212282
0.7626651253281393 -0.7668915618530945 0.0008466019829212282
-0.9957735634750446 0.7626651253281393 0.0008466019829212282
0.7626651253281385 -0.9957735634750446 0.0008466019829212282
-0.7668915618530936 0.7626651253281393 0.0008466019829212282
-0.9957735634750453 -0.7668915618530933 0.0008466019829212282
-0.892828634259911 -0.9455620186838578 0.002132922374327689
0.8383906529437684 -0.8928286342599105 0.002132922374327689
-0.9455620186838578 0.8383906529437697 0.002132922374327689
0.8383906529437681 -0.9455620186838578 0.002132922374327689
-0.8928286342599112 0.8383906529437697 0.002132922374327689
-0.9455620186838576 -0.8928286342599105 0.002132922374327689
-0.829728963699966 -0.9474874819750561 0.0027648021466234085
0.7772164456750221 -0.8297289636999661 0.0027648021466234085
-0.9474874819750561 0.7772164456750232 0.0027648021466234085
0.7772164456750221 -0.9474874819750561 0.0027648021466234085
-0.8297289636999665 0.7772164456750232 0.0027648021466234085
-0.9474874819750558 -0.8297289636999661 0.0027648021466234085
-0.18301474842873355 -0.8750498050992588 0.007317023586053994
0.05806455352799306 -0.18301474842873403 0.007317023586053994
-0.8750498050992599 0.058064553527994056 0.007317023586053994
0.058064553527992446 -0.8750498050992588 0.007317023586053994
-0.183014748428734 0.058064553527994056 0.007317023586053994
-0.8750498050992594 -0.18301474842873286 0.007317023586053994
-0.2354979098103724 -0.6524475802476128 0.01042000970973316
-0.11205450994201493 -0.23549790981037205 0.01042000970973316
-0.6524475802476131 -0.11205450994201374 0.01042000970973316
-0.11205450994201452 -0.6524475802476128 0.01042000970973316
-0.2354979098103721 -0.11205450994201374 0.01042000970973316
-0.6524475802476131 -0.2354979098103719 0.01042000970973316
-0.9480519355868213 -0.9959017479138612 0.0004146211211815298
0.943953683500683 -0.9480519355868218 0.0004146211211815298
-0.9959017479138605 0.9439536835006832 0.0004146211211815298
0.9439536835006839 -0.9959017479138612 0.0004146211211815298
-0.9480519355868218 0.9439536835006832 0.0004146211211815298
-0.995901747913861 -0.9480519355868218 0.0004146211211815298
-0.22862162247987106 -0.9622199166769159 0.003916632573726319
0.19084153915678764 -0.2286216224798712 0.003916632573726319
-0.9622199166769161 0.1908415391567881 0.003916632573726319
0.19084153915678698 -0.9622199166769159 0.003916632573726319
-0.228621622479871 0.1908415391567881 0.003916632573726319
-0.9622199166769156 -0.22862162247987072 0.003916632573726319
-0.6185070411371932 -0.8347620941086036 0.006417845059837517
0.4532691352457971 -0.618507041137194 0.006417845059837517
-0.8347620941086027 0.45326913524579765 0.006417845059837517
0.4532691352457969 -0.8347620941086036 0.006417845059837517
-0.6185070411371938 0.45326913524579765 0.006417845059837517
-0.8347620941086036 -0.6185070411371929 0.006417845059837517
-0.9013706967902961 -0.9954400864264938 0.0006288303092263707
0.8968107832167906 -0.9013706967902972 0.0006288303092263707
-0.9954400864264921 0.8968107832167878 0.0006288303092263707
0.8968107832167902 -0.9954400864264938 0.0006288303092263707
-0.9013706967902948 0.8968107832167878 0.0006288303092263707
-0.9954400864264938 -0.9013706967902961 0.0006288303092263707
-0.14703490900390676 -0.9904554957593945 0.002157029110240815
0.13749040476330154 -0.14703490900390712 0.002157029110240815
-0.9904554957593954 0.13749040476330276 0.002157029110240815
0.13749040476330127 -0.9904554957593945 0.002157029110240815
-0.14703490900390676 0.1374904047633016 0.002157029110240815
-0.990455495759395 -0.14703490900390595 0.002157029110240815
-0.6972704946588701 -0.7675952871768237 0.007200853953230425
0.4648657818356939 -0.6972704946588697 0.007200853953230425
-0.7675952871768241 0.46486578183569466 0.007200853953230425
0.4648657818356939 -0.7675952871768237 0.007200853953230425
-0.6972704946588699 0.46486578183569466 0.007200853953230425
-0.7675952871768241 -0.6972704946588697 0.007200853953230425
-0.5178288792180272 -0.8289494715152657 0.007322382835685238
0.3467783507332934 -0.5178288792180267 0.007322382835685238
-0.8289494715152658 0.3467783507332936 0.007322382835685238
0.34677835073329283 -0.8289494715152657 0.007322382835685238
-0.5178288792180268 0.3467783507332936 0.007322382835685238
-0.8289494715152667 -0.5178288792180267 0.007322382835685238
-0.5759275775890406 -0.9404464233543868 0.004323424627750162
0.5163740009434277 -0.5759275775890411 0.004323424627750162
-0.940446423354387 0.5163740009434279 0.004323424627750162
0.5163740009434274 -0.9404464233543868 0.004323424627750162
-0.5759275775890409 0.5163740009434279 0.004323424627750162
-0.940446423354387 -0.5759275775890399 0.004323424627750162
-0.8453159438314926 -0.8994929259282569 0.003602112552772363
0.7448088697597492 -0.8453159438314923 0.003602112552772363
-0.8994929259282571 0.7448088697597506 0.003602112552772363
0.7448088697597497 -0.8994929259282569 0.003602112552772363
-0.8453159438314923 0.7448088697597506 0.003602112552772363
-0.8994929259282578 -0.8453159438314923 0.003602112552772363
-0.4681459526909376 -0.5673995857952907 0.01089511858855176
0.03554553848622882 -0.4681459526909375 0.01089511858855176
-0.5673995857952915 0.03554553848622943 0.01089511858855176
0.035545538486228434 -0.5673995857952907 0.01089511858855176
-0.4681459526909375 0.03554553848622943 0.01089511858855176
-0.5673995857952918 -0.4681459526909364 0.01089511858855176
-0.5737234550396177 -0.5737234550396186 0.010305121088967625
0.14744691007923733 -0.5737234550396186 0.010305121088967625
-0.5737234550396186 0.14744691007923721 0.010305121088967625
-0.9794437751919289 -0.995363584631046 0.0002795704030487443
0.974807359822975 -0.9794437751919298 0.0002795704030487443
-0.9953635846310467 0.9748073598229783 0.0002795704030487443
0.9748073598229763 -0.995363584631046 0.0002795704030487443
-0.9794437751919307 0.9748073598229783 0.0002795704030487443
-0.9953635846310467 -0.9794437751919287 0.0002795704030487443
-0.13274667726677786 -0.7345066454664443 0.009986010299883673
-0.13274667726677802 -0.13274667726677783 0.009986010299883673
-0.7345066454664441 -0.13274667726677783 0.009986010299883673
-0.2725026390203699 -0.9871396244204762 0.0023924023703906032
0.2596422634408468 -0.27250263902036964 0.0023924023703906032
-0.9871396244204764 0.2596422634408471 0.0023924023703906032
0.2596422634408461 -0.9871396244204762 0.0023924023703906032
-0.27250263902037053 0.2596422634408471 0.0023924023703906032
-0.9871396244204773 -0.2725026390203691 0.0023924023703906032
-0.2603595897865725 -0.733777769869057 0.00990513164716717
-0.005862640344369785 -0.26035958978657237 0.00990513164716717
-0.7337777698690571 -0.0058626403443698405 0.00990513164716717
-0.005862640344370507 -0.733777769869057 0.00990513164716717
-0.26035958978657303 -0.0058626403443698405 0.00990513164716717
-0.733777769869058 -0.26035958978657214 0.00990513164716717
-0.6801981711189216 -0.6801981711189229 0.008486996983708332
0.36039634223784395 -0.6801981711189218 0.008486996983708332
-0.6801981711189223 0.3603963422378447 0.008486996983708332
-0.9438726730146427 -0.9438726730146445 0.0017752011220492385
0.8877453460292868 -0.9438726730146434 0.0017752011220492385
-0.9438726730146423 0.8877453460292846 0.0017752011220492385
-0.47552628874891717 -0.6634950292568735 0.010110411747792845
0.1390213180057912 -0.4755262887489164 0.010110411747792845
-0.663495029256874 0.1390213180057912 0.010110411747792845
0.13902131800579082 -0.6634950292568735 0.010110411747792845
-0.47552628874891667 0.1390213180057912 0.010110411747792845
-0.6634950292568748 -0.4755262887489164 0.010110411747792845
-0.5882694516020018 -0.9952447125983204 0.0012111821237984078
0.5835141642003219 -0.5882694516020017 0.0012111821237984078
-0.995244712598319 0.5835141642003223 0.0012111821237984078
0.5835141642003223 -0.9952447125983204 0.0012111821237984078
-0.5882694516020022 0.5835141642003223 0.0012111821237984078
-0.9952447125983201 -0.5882694516020017 0.0012111821237984078
-0.35787740152165776 -0.6414496461705304 0.010715580421847448
-0.0006729523078122801 -0.3578774015216574 0.010715580421847448
-0.6414496461705304 -0.0006729523078111699 0.010715580421847448
-0.0006729523078117805 -0.6414496461705304 0.010715580421847448
-0.3578774015216578 -0.0006729523078123356 0.010715580421847448
-0.6414496461705304 -0.3578774015216572 0.010715580421847448
-0.46598214929437815 -0.9430732967759616 0.004731070449000532
0.4090554460703398 -0.46598214929437753 0.004731070449000532
-0.9430732967759621 0.40905544607034044 0.004731070449000532
0.4090554460703399 -0.9430732967759616 0.004731070449000532
-0.4659821492943782 0.40905544607034044 0.004731070449000532
-0.9430732967759623 -0.46598214929437753 0.004731070449000532
-0.48279091797929785 -0.9955470658162082 0.0012723521112899478
0.4783379837955057 -0.48279091797929746 0.0012723521112899478
-0.9955470658162084 0.4783379837955069 0.0012723521112899478
0.4783379837955061 -0.9955470658162082 0.0012723521112899478
-0.4827909179792984 0.4783379837955069 0.0012723521112899478
-0.9955470658162082 -0.48279091797929746 0.0012723521112899478
-0.6007504746452796 -0.7592712608555008 0.008233558863516732
0.3600217355007796 -0.600750474645279 0.008233558863516732
-0.7592712608555011 0.3600217355007809 0.008233558863516732
0.36002173550078037 -0.7592712608555008 0.008233558863516732
-0.6007504746452794 0.3600217355007809 0.008233558863516732
-0.7592712608555015 -0.600750474645279 0.008233558863516732
-0.5822182712311867 -0.6713310766265685 0.009487132340344914
0.2535493478577557 -0.5822182712311874 0.009487132340344914
-0.6713310766265692 0.2535493478577571 0.009487132340344914
0.25354934785775524 -0.6713310766265685 0.009487132340344914
-0.582218271231187 0.253549347857756 0.009487132340344914
-0.6713310766265699 -0.5822182712311863 0.009487132340344914
-0.7839057415153878 -0.7839057415153883 0.006347856697943855
0.5678114830307761 -0.7839057415153883 0.006347856697943855
-0.7839057415153883 0.5678114830307766 0.006347856697943855
-0.49333279879638153 -0.7522250823246468 0.009204534850296368
0.245557881121029 -0.4933327987963819 0.009204534850296368
-0.752225082324647 0.24555788112103 0.009204534850296368
0.24555788112102844 -0.7522250823246468 0.009204534850296368
-0.49333279879638237 0.24555788112102878 0.009204534850296368
-0.752225082324647 -0.4933327987963819 0.009204534850296368
-0.005648725523067832 -0.9887025489538641 0.0025901598227791346
-0.005648725523068332 -0.005648725523067333 0.0025901598227791346
-0.9887025489538643 -0.005648725523067333 0.0025901598227791346
-0.07240775450686737 -0.9996799792212312 0.0004700178449611505
0.0720877337280984 -0.07240775450686682 0.0004700178449611505
-0.9996799792212316 0.07208773372809918 0.0004700178449611505
0.07208773372809868 -0.9996799792212312 0.0004700178449611505
-0.0724077545068676 0.07208773372809918 0.0004700178449611505
-0.9996799792212314 -0.07240775450686682 0.0004700178449611505
-0.2325644018989066 -0.9997829815965127 0.00047974735786221814
0.23234738349541956 -0.23256440189890704 0.00047974735786221814
-0.9997829815965131 0.23234738349542033 0.00047974735786221814
0.23234738349541945 -0.9997829815965127 0.00047974735786221814
-0.23256440189890715 0.23234738349542033 0.00047974735786221814
-0.9997829815965127 -0.23256440189890648 0.00047974735786221814
