-0.1587650707239070 -0.1587650707239070 0.2784029593504940
-0.6824698585521860 -0.1587650707239070 0.2784029593504940
-0.1587650707239070 -0.6824698585521860 0.2784029593504940
-0.9019376324216080 -0.9019376324216080 0.0636538826571450
0.8038752648432150 -0.9019376324216080 0.0636538826571450
-0.9019376324216080 0.8038752648432150 0.0636538826571450
-0.6966960025905280 -0.6966960025905280 0.1686426467597030
0.3933920051810560 -0.6966960025905280 0.1686426467597030
-0.6966960025905280 0.3933920051810560 0.1686426467597030
0.3482755759622830 -0.3757620558562780 0.0779835889496620
-0.3757620558562780 0.3482755759622830 0.0779835889496620
-0.9725135201060050 -0.3757620558562780 0.0779835889496620
-0.3757620558562780 -0.9725135201060050 0.0779835889496620
-0.9725135201060050 0.3482755759622830 0.0779835889496620
0.3482755759622830 -0.9725135201060050 0.0779835889496620