-0.3333333333333330 -0.3333333333333330 0.0499936270928450
-0.0235389109555430 -0.0235389109555430 0.0082277755446500
-0.9529221780889140 -0.0235389109555430 0.0082277755446500
-0.0235389109555430 -0.9529221780889140 0.0082277755446500
-0.1122552821219330 -0.1122552821219330 0.0376624773117970
-0.7754894357561340 -0.1122552821219330 0.0376624773117970
-0.1122552821219330 -0.7754894357561340 0.0376624773117970
-0.2120884428382050 -0.2120884428382050 0.0469166672430310
-0.5758231143235910 -0.2120884428382050 0.0469166672430310
-0.2120884428382050 -0.5758231143235910 0.0469166672430310
-0.4670326710650630 -0.4670326710650630 0.0471918792107180
-0.0659346578698750 -0.4670326710650630 0.0471918792107180
-0.4670326710650630 -0.0659346578698750 0.0471918792107180
-0.6024586756448350 -0.6024586756448350 0.0396890815618750
0.2049173512896700 -0.6024586756448350 0.0396890815618750
-0.6024586756448350 0.2049173512896700 0.0396890815618750
-0.7293400801555850 -0.7293400801555850 0.0292236924304730
0.4586801603111690 -0.7293400801555850 0.0292236924304730
-0.7293400801555850 0.4586801603111690 0.0292236924304730
-0.8350328359505710 -0.8350328359505710 0.0185660574796420
0.6700656719011420 -0.8350328359505710 0.0185660574796420
-0.8350328359505710 0.6700656719011420 0.0185660574796420
-0.9166503651831270 -0.9166503651831270 0.0087849600198270
0.8333007303662540 -0.9166503651831270 0.0087849600198270
-0.9166503651831270 0.8333007303662540 0.0087849600198270
-0.9822507434072100 -0.9822507434072100 0.0020615527411260
0.9645014868144201 -0.9822507434072100 0.0020615527411260
-0.9822507434072100 0.9645014868144201 0.0020615527411260
-0.1056017126495920 0.0982925474266400 0.0044483771628510
0.0982925474266400 -0.1056017126495920 0.0044483771628510
-0.9926908347770470 0.0982925474266400 0.0044483771628510
0.0982925474266400 -0.9926908347770470 0.0044483771628510
-0.9926908347770470 -0.1056017126495920 0.0044483771628510
-0.1056017126495920 -0.9926908347770470 0.0044483771628510
-0.7752272283150760 0.7733622419073400 0.0023189730025220
0.7733622419073400 -0.7752272283150760 0.0023189730025220
-0.9981350135922640 0.7733622419073400 0.0023189730025220
0.7733622419073400 -0.9981350135922640 0.0023189730025220
-0.9981350135922640 -0.7752272283150760 0.0023189730025220
-0.7752272283150760 -0.9981350135922640 0.0023189730025220
-0.3990560752382850 0.3928116983670780 0.0051274885695700
0.3928116983670780 -0.3990560752382850 0.0051274885695700
-0.9937556231287940 0.3928116983670780 0.0051274885695700
0.3928116983670780 -0.9937556231287940 0.0051274885695700
-0.9937556231287940 -0.3990560752382850 0.0051274885695700
-0.3990560752382850 -0.9937556231287940 0.0051274885695700
-0.9076335724176430 0.8918314368370260 0.0041678537629430
0.8918314368370260 -0.9076335724176430 0.0041678537629430
-0.9841978644193839 0.8918314368370260 0.0041678537629430
0.8918314368370260 -0.9841978644193839 0.0041678537629430
-0.9841978644193830 -0.9076335724176420 0.0041678537629430
-0.9076335724176420 -0.9841978644193830 0.0041678537629430
-0.6100080844040480 0.5888126738731180 0.0102450949785810
0.5888126738731180 -0.6100080844040480 0.0102450949785810
-0.9788045894690700 0.5888126738731180 0.0102450949785810
0.5888126738731180 -0.9788045894690700 0.0102450949785810
-0.9788045894690700 -0.6100080844040480 0.0102450949785810
-0.6100080844040480 -0.9788045894690700 0.0102450949785810
-0.2431717413540560 0.2079601402792720 0.0128235906392810
0.2079601402792720 -0.2431717413540560 0.0128235906392810
-0.9647883989252160 0.2079601402792720 0.0128235906392810
0.2079601402792720 -0.9647883989252160 0.0128235906392810
-0.9647883989252160 -0.2431717413540550 0.0128235906392810
-0.2431717413540550 -0.9647883989252160 0.0128235906392810
-0.7895061978507391 0.7399258021185960 0.0116355167948170
0.7399258021185960 -0.7895061978507391 0.0116355167948170
-0.9504196042678570 0.7399258021185960 0.0116355167948170
0.7399258021185960 -0.9504196042678570 0.0116355167948170
-0.9504196042678570 -0.7895061978507391 0.0116355167948170
-0.7895061978507391 -0.9504196042678570 0.0116355167948170
-0.4558847623531730 0.3851177946108370 0.0198442739000770
0.3851177946108370 -0.4558847623531730 0.0198442739000770
-0.9292330322576640 0.3851177946108370 0.0198442739000770
0.3851177946108370 -0.9292330322576640 0.0198442739000770
-0.9292330322576640 -0.4558847623531730 0.0198442739000770
-0.4558847623531730 -0.9292330322576640 0.0198442739000770
-0.1124820484787970 0.0197402911969560 0.0117544074491880
0.0197402911969560 -0.1124820484787970 0.0117544074491880
-0.9072582427181590 0.0197402911969560 0.0117544074491880
0.0197402911969560 -0.9072582427181590 0.0117544074491880
-0.9072582427181590 -0.1124820484787970 0.0117544074491880
-0.1124820484787970 -0.9072582427181590 0.0117544074491880
-0.6642053246337650 0.5505309310381200 0.0216002089066000
0.5505309310381200 -0.6642053246337650 0.0216002089066000
-0.8863256064043550 0.5505309310381200 0.0216002089066000
0.5505309310381200 -0.8863256064043550 0.0216002089066000
-0.8863256064043540 -0.6642053246337650 0.0216002089066000
-0.6642053246337650 -0.8863256064043540 0.0216002089066000
-0.2955948535184050 0.1521498710805880 0.0284957963635990
0.1521498710805880 -0.2955948535184050 0.0284957963635990
-0.8565550175621830 0.1521498710805880 0.0284957963635990
0.1521498710805880 -0.8565550175621830 0.0284957963635990
-0.8565550175621830 -0.2955948535184050 0.0284957963635990
-0.2955948535184050 -0.8565550175621830 0.0284957963635990
-0.5259352825640360 0.3199911642624010 0.0319883810183690
0.3199911642624010 -0.5259352825640360 0.0319883810183690
-0.7940558816983661 0.3199911642624010 0.0319883810183690
0.3199911642624010 -0.7940558816983661 0.0319883810183690
-0.7940558816983661 -0.5259352825640360 0.0319883810183690
-0.5259352825640360 -0.7940558816983661 0.0319883810183690
-0.3686737478521550 0.0569828218833630 0.0413890278312240
0.0569828218833630 -0.3686737478521550 0.0413890278312240
-0.6883090740312080 0.0569828218833630 0.0413890278312240
0.0569828218833630 -0.6883090740312080 0.0413890278312240
-0.6883090740312080 -0.3686737478521550 0.0413890278312240
-0.3686737478521550 -0.6883090740312080 0.0413890278312240