-0.9965753848400714 -0.9965753848400734 8.860818182829509e-05
0.9931507696801452 -0.9965753848400722 8.860818182829509e-05
-0.9965753848400745 0.9931507696801491 8.860818182829509e-05
-0.9604896647685601 -0.9784865608866318 0.0008239512928739168
0.9389762256551923 -0.9604896647685608 0.0008239512928739168
-0.9784865608866318 0.9389762256551937 0.0008239512928739168
0.9389762256551919 -0.9784865608866318 0.0008239512928739168
-0.960489664768561 0.9389762256551937 0.0008239512928739168
-0.978486560886632 -0.9604896647685597 0.0008239512928739168
-0.800966837236311 -0.9984388282002761 0.0005464816920073644
0.7994056654365866 -0.800966837236311 0.0005464816920073644
-0.9984388282002759 0.7994056654365871 0.0005464816920073644
0.7994056654365871 -0.9984388282002761 0.0005464816920073644
-0.8009668372363103 0.7994056654365871 0.0005464816920073644
-0.9984388282002772 -0.8009668372363098 0.0005464816920073644
-0.6930109104895722 -0.9961233341744196 0.0010786568878597953
0.689134244663991 -0.6930109104895719 0.0010786568878597953
-0.9961233341744187 0.6891342446639914 0.0010786568878597953
0.6891342446639919 -0.9961233341744196 0.0010786568878597953
-0.6930109104895728 0.6891342446639914 0.0010786568878597953
-0.9961233341744191 -0.6930109104895719 0.0010786568878597953
-0.07878509599200195 -0.9964277150389496 0.0013419579411640729
0.07521281103095079 -0.07878509599200151 0.0013419579411640729
-0.9964277150389491 0.07521281103095234 0.0013419579411640729
0.07521281103095162 -0.9964277150389496 0.0013419579411640729
-0.07878509599200217 0.07521281103095234 0.0013419579411640729
-0.9964277150389491 -0.07878509599200151 0.0013419579411640729
-0.9407158791471109 -0.9964915496578943 0.00045186307222788035
0.9372074288050054 -0.9407158791471109 0.00045186307222788035
-0.9964915496578921 0.9372074288050019 0.00045186307222788035
0.9372074288050063 -0.9964915496578943 0.00045186307222788035
-0.9407158791471089 0.9372074288050019 0.00045186307222788035
-0.9964915496578945 -0.9407158791471109 0.00045186307222788035
-0.3323187503503759 -0.9989654114806801 0.0006441326188366759
0.3312841618310562 -0.33231875035037617 0.0006441326188366759
-0.9989654114806803 0.33128416183105674 0.0006441326188366759
0.3312841618310561 -0.9989654114806801 0.0006441326188366759
-0.33231875035037634 0.33128416183105674 0.0006441326188366759
-0.9989654114806801 -0.33231875035037595 0.0006441326188366759
-0.9416652970693984 -0.9416652970693993 0.0022459547656474305
0.8833305941387972 -0.9416652970693982 0.0022459547656474305
-0.9416652970693971 0.8833305941387943 0.0022459547656474305
-0.9009000241753944 -0.900900024175395 0.0034903031310658927
0.8018000483507906 -0.900900024175395 0.0034903031310658927
-0.9009000241753955 0.8018000483507912 0.0034903031310658927
-0.761146625545176 -0.9849082581485877 0.0019355346055902728
0.7460548836937639 -0.761146625545176 0.0019355346055902728
-0.9849082581485875 0.746054883693765 0.0019355346055902728
0.7460548836937639 -0.9849082581485877 0.0019355346055902728
-0.7611466255451764 0.746054883693765 0.0019355346055902728
-0.984908258148588 -0.761146625545176 0.0019355346055902728
-0.653376386601142 -0.9770149070943899 0.0026933297843635294
0.6303912936955323 -0.6533763866011424 0.0026933297843635294
-0.9770149070943892 0.6303912936955325 0.0026933297843635294
0.630391293695532 -0.9770149070943899 0.0026933297843635294
-0.6533763866011422 0.6303912936955325 0.0026933297843635294
-0.9770149070943903 -0.6533763866011413 0.0026933297843635294
-0.8812042732284864 -0.951474064557791 0.002675016567962469
0.8326783377862774 -0.8812042732284866 0.002675016567962469
-0.951474064557791 0.8326783377862788 0.002675016567962469
0.8326783377862776 -0.951474064557791 0.002675016567962469
-0.8812042732284868 0.8326783377862788 0.002675016567962469
-0.9514740645577917 -0.8812042732284866 0.002675016567962469
-0.48110767074431376 -0.9804046133950803 0.0024188560733764595
0.46151228413939477 -0.48110767074431354 0.0024188560733764595
-0.9804046133950806 0.4615122841393951 0.0024188560733764595
0.4615122841393942 -0.9804046133950803 0.0024188560733764595
-0.4811076707443135 0.4615122841393951 0.0024188560733764595
-0.9804046133950812 -0.48110767074431354 0.0024188560733764595
-0.4606702409377645 -0.9962016983435831 0.0011947522835237666
0.4568719392813481 -0.4606702409377642 0.0011947522835237666
-0.9962016983435831 0.45687193928134834 0.0011947522835237666
0.45687193928134756 -0.9962016983435831 0.0011947522835237666
-0.46067024093776415 0.45687193928134834 0.0011947522835237666
-0.996201698343584 -0.4606702409377642 0.0011947522835237666
-0.3531431791780875 -0.9846506402877109 0.002936402127467147
0.3377938194657985 -0.3531431791780869 0.002936402127467147
-0.9846506402877113 0.33779381946579884 0.002936402127467147
0.3377938194657985 -0.9846506402877109 0.002936402127467147
-0.3531431791780874 0.33779381946579884 0.002936402127467147
-0.9846506402877118 -0.3531431791780864 0.002936402127467147
-0.5812047811296146 -0.9945855913844626 0.0016021089704024813
0.5757903725140774 -0.5812047811296148 0.0016021089704024813
-0.9945855913844632 0.5757903725140785 0.0016021089704024813
0.5757903725140774 -0.9945855913844626 0.0016021089704024813
-0.5812047811296153 0.5757903725140785 0.0016021089704024813
-0.9945855913844635 -0.5812047811296148 0.0016021089704024813
-0.9784125252265208 -0.9945872068856603 0.0003711340846754655
0.9729997321121815 -0.9784125252265208 0.0003711340846754655
-0.9945872068856625 0.9729997321121868 0.0003711340846754655
0.9729997321121813 -0.9945872068856603 0.0003711340846754655
-0.9784125252265232 0.9729997321121868 0.0003711340846754655
-0.9945872068856605 -0.9784125252265208 0.0003711340846754655
-0.9166844799466427 -0.9790745319407206 0.0014428440528522436
0.8957590118873633 -0.916684479946642 0.0014428440528522436
-0.9790745319407228 0.8957590118873677 0.0014428440528522436
0.8957590118873633 -0.9790745319407206 0.0014428440528522436
-0.916684479946644 0.8957590118873677 0.0014428440528522436
-0.979074531940721 -0.916684479946642 0.0014428440528522436
-0.7213984511630357 -0.9569742794301606 0.003064333448094858
0.6783727305931961 -0.721398451163036 0.003064333448094858
-0.9569742794301603 0.6783727305931966 0.003064333448094858
0.6783727305931964 -0.9569742794301606 0.003064333448094858
-0.7213984511630352 0.6783727305931966 0.003064333448094858
-0.9569742794301606 -0.7213984511630349 0.003064333448094858
-0.024552038833693113 -0.9508959223326137 0.005459305432979869
-0.024552038833693668 -0.024552038833692558 0.005459305432979869
-0.9508959223326137 -0.024552038833692558 0.005459305432979869
-0.8057184850889417 -0.9543509287300966 0.003018053240856588
0.760069413819038 -0.8057184850889416 0.003018053240856588
-0.9543509287300957 0.7600694138190383 0.003018053240856588
0.7600694138190385 -0.9543509287300966 0.003018053240856588
-0.8057184850889416 0.7600694138190383 0.003018053240856588
-0.9543509287300962 -0.8057184850889416 0.003018053240856588
-0.6977503805220591 -0.7998229393904197 0.006803444945898043
0.4975733199124785 -0.6977503805220591 0.006803444945898043
-0.7998229393904197 0.49757331991247894 0.006803444945898043
0.49757331991247894 -0.7998229393904197 0.006803444945898043
-0.6977503805220586 0.49757331991247894 0.006803444945898043
-0.799822939390421 -0.697750380522058 0.006803444945898043
-0.007876391069050248 -0.9842472178618995 0.002409012026823846
-0.007876391069050193 -0.007876391069049582 0.002409012026823846
-0.9842472178619002 -0.007876391069049582 0.002409012026823846
-0.2121352089296916 -0.9936808609267287 0.0020719763276127734
0.20581606985642048 -0.21213520892969095 0.0020719763276127734
-0.9936808609267294 0.20581606985642104 0.0020719763276127734
0.20581606985641937 -0.9936808609267287 0.0020719763276127734
-0.2121352089296915 0.20581606985642104 0.0020719763276127734
-0.9936808609267296 -0.21213520892969095 0.0020719763276127734
-0.7447250811653503 -0.9128648494383294 0.004754975385559728
0.6575899306036805 -0.744725081165351 0.004754975385559728
-0.91286484943833 0.6575899306036814 0.004754975385559728
0.6575899306036808 -0.9128648494383294 0.004754975385559728
-0.7447250811653507 0.6575899306036814 0.004754975385559728
-0.91286484943833 -0.7447250811653499 0.004754975385559728
-0.5693144281658952 -0.8743692475083216 0.0067907824683693585
0.44368367567421646 -0.5693144281658948 0.0067907824683693585
-0.8743692475083218 0.44368367567421757 0.0067907824683693585
0.4436836756742168 -0.8743692475083216 0.0067907824683693585
-0.5693144281658957 0.44368367567421757 0.0067907824683693585
-0.8743692475083216 -0.5693144281658948 0.0067907824683693585
-0.6389522254879427 -0.9306176267661384 0.005408176764963646
0.5695698522540809 -0.6389522254879434 0.005408176764963646
-0.9306176267661379 0.5695698522540817 0.005408176764963646
0.5695698522540813 -0.9306176267661384 0.005408176764963646
-0.6389522254879423 0.5695698522540806 0.005408176764963646
-0.9306176267661379 -0.6389522254879423 0.005408176764963646
-0.2586050425005431 -0.9680957284639378 0.004034006780582578
0.22670077096448055 -0.2586050425005431 0.004034006780582578
-0.968095728463938 0.2267007709644821 0.004034006780582578
0.22670077096448088 -0.9680957284639378 0.004034006780582578
-0.25860504250054345 0.226700770964481 0.004034006780582578
-0.9680957284639375 -0.2586050425005426 0.004034006780582578
-0.522191306730812 -0.9268686180380719 0.005583762264851545
0.4490599247688845 -0.5221913067308129 0.005583762264851545
-0.9268686180380725 0.44905992476888495 0.005583762264851545
0.44905992476888396 -0.9268686180380719 0.005583762264851545
-0.5221913067308125 0.44905992476888495 0.005583762264851545
-0.9268686180380721 -0.5221913067308117 0.005583762264851545
-0.8468077687896514 -0.8468077687896531 0.004731586621558503
0.6936155375793052 -0.846807768789652 0.004731586621558503
-0.8468077687896525 0.6936155375793052 0.004731586621558503
-0.1929109904701663 -0.7542655031860571 0.008600917731461
-0.05282350634377575 -0.19291099047016638 0.008600917731461
-0.7542655031860583 -0.052823506343775306 0.008600917731461
-0.052823506343776416 -0.7542655031860571 0.008600917731461
-0.19291099047016577 -0.052823506343776416 0.008600917731461
-0.7542655031860583 -0.19291099047016524 0.008600917731461
-0.4978227631978765 -0.755877615932979 0.009967713058387529
0.25370037913085514 -0.4978227631978764 0.009967713058387529
-0.7558776159329786 0.25370037913085536 0.009967713058387529
0.25370037913085547 -0.755877615932979 0.009967713058387529
-0.49782276319787666 0.25370037913085536 0.009967713058387529
-0.7558776159329788 -0.4978227631978764 0.009967713058387529
-0.37981507929399555 -0.8243442259343869 0.009306592551333983
0.20415930522838305 -0.379815079293996 0.009306592551333983
-0.8243442259343867 0.20415930522838338 0.009306592551333983
0.2041593052283825 -0.8243442259343869 0.009306592551333983
-0.37981507929399666 0.20415930522838338 0.009306592551333983
-0.8243442259343872 -0.37981507929399566 0.009306592551333983
-0.1656221258637777 -0.8686377938876071 0.00825575208451301
0.03425991975138465 -0.16562212586377728 0.00825575208451301
-0.8686377938876078 0.03425991975138559 0.00825575208451301
0.03425991975138498 -0.8686377938876071 0.00825575208451301
-0.16562212586377778 0.03425991975138559 0.00825575208451301
-0.8686377938876073 -0.16562212586377728 0.00825575208451301
-0.048096307894457624 -0.9038073842110848 0.007022388536682425
-0.04809630789445746 -0.04809630789445701 0.007022388536682425
-0.9038073842110854 -0.04809630789445701 0.007022388536682425
-0.8314456049682625 -0.9085597056303389 0.004115643524704992
0.7400053105986011 -0.8314456049682619 0.004115643524704992
-0.9085597056303389 0.740005310598602 0.004115643524704992
0.7400053105986015 -0.9085597056303389 0.004115643524704992
-0.8314456049682624 0.740005310598602 0.004115643524704992
-0.9085597056303389 -0.8314456049682619 0.004115643524704992
-0.42496543621900973 -0.8943931782098664 0.007787640916857625
0.31935861442887575 -0.42496543621900945 0.007787640916857625
-0.894393178209866 0.319358614428876 0.007787640916857625
0.3193586144288762 -0.8943931782098664 0.007787640916857625
-0.42496543621900995 0.319358614428876 0.007787640916857625
-0.8943931782098664 -0.4249654362190089 0.007787640916857625
-0.7818089160855246 -0.7818089160855248 0.0058869360943915525
0.5636178321710494 -0.7818089160855248 0.0058869360943915525
-0.7818089160855248 0.5636178321710497 0.0058869360943915525
-0.3157156301860157 -0.9334745848994426 0.005541522793111088
0.24919021508545752 -0.3157156301860149 0.005541522793111088
-0.9334745848994432 0.2491902150854584 0.005541522793111088
0.2491902150854583 -0.9334745848994426 0.005541522793111088
-0.3157156301860152 0.2491902150854584 0.005541522793111088
-0.9334745848994428 -0.31571563018601456 0.005541522793111088
-0.5375059926123182 -0.5375059926123176 0.013446485796946142
0.07501198522463587 -0.5375059926123176 0.013446485796946142
-0.5375059926123182 0.07501198522463648 0.013446485796946142
-0.6081836035526986 -0.6081836035526987 0.009959717625037846
0.21636720710539742 -0.6081836035526987 0.009959717625037846
-0.6081836035526993 0.21636720710539875 0.009959717625037846
-0.418437328745032 -0.95381809766994 0.004960287997013535
0.3722554264149717 -0.4184373287450315 0.004960287997013535
-0.9538180976699404 0.37225542641497283 0.004960287997013535
0.37225542641497206 -0.95381809766994 0.004960287997013535
-0.41843732874503137 0.37225542641497283 0.004960287997013535
-0.9538180976699404 -0.4184373287450309 0.004960287997013535
-0.8445229405677999 -0.9831757542227082 0.0017258043616670937
0.8276986947905078 -0.8445229405677994 0.0017258043616670937
-0.9831757542227109 0.8276986947905136 0.0017258043616670937
0.8276986947905072 -0.9831757542227082 0.0017258043616670937
-0.8445229405678019 0.8276986947905136 0.0017258043616670937
-0.9831757542227082 -0.8445229405677994 0.0017258043616670937
-0.8832923824036862 -0.9962883106191214 0.0006418663551485906
0.8795806930228087 -0.8832923824036871 0.0006418663551485906
-0.9962883106191232 0.879580693022812 0.0006418663551485906
0.879580693022809 -0.9962883106191214 0.0006418663551485906
-0.883292382403688 0.879580693022812 0.0006418663551485906
-0.996288310619122 -0.883292382403686 0.0006418663551485906
-0.29252756521762535 -0.6962775570016932 0.009962017221234883
-0.011194877780681511 -0.29252756521762496 0.009962017221234883
-0.6962775570016935 -0.011194877780681178 0.009962017221234883
-0.011194877780681345 -0.6962775570016932 0.009962017221234883
-0.29252756521762535 -0.011194877780681178 0.009962017221234883
-0.6962775570016937 -0.29252756521762463 0.009962017221234883
-0.6117926331561554 -0.706612307008993 0.010039155836163063
0.3184049401651479 -0.611792633156156 0.010039155836163063
-0.7066123070089927 0.31840494016514903 0.010039155836163063
0.3184049401651486 -0.706612307008993 0.010039155836163063
-0.6117926331561558 0.31840494016514903 0.010039155836163063
-0.7066123070089925 -0.6117926331561547 0.010039155836163063
-0.7695106394758517 -0.8538834551530305 0.0055384656365870645
0.6233940946288818 -0.7695106394758515 0.0055384656365870645
-0.8538834551530303 0.6233940946288821 0.0055384656365870645
0.6233940946288823 -0.8538834551530305 0.0055384656365870645
-0.7695106394758514 0.6233940946288821 0.0055384656365870645
-0.8538834551530312 -0.7695106394758515 0.0055384656365870645
-0.4947021622863453 -0.8333589708399074 0.007403161319357666
0.32806113312625257 -0.49470216228634506 0.007403161319357666
-0.8333589708399072 0.32806113312625235 0.007403161319357666
0.3280611331262527 -0.8333589708399074 0.007403161319357666
-0.4947021622863451 0.32806113312625235 0.007403161319357666
-0.8333589708399065 -0.49470216228634506 0.007403161319357666
-0.25872374417793 -0.804659800961292 0.010150074918324007
0.06338354513922284 -0.25872374417792954 0.010150074918324007
-0.8046598009612926 0.06338354513922345 0.010150074918324007
0.06338354513922201 -0.804659800961292 0.010150074918324007
-0.25872374417792915 0.06338354513922234 0.010150074918324007
-0.8046598009612924 -0.2587237441779292 0.010150074918324007
-0.6049784675293435 -0.795745053528359 0.008535353383096373
0.4007235210577023 -0.6049784675293427 0.008535353383096373
-0.7957450535283594 0.400723521057703 0.008535353383096373
0.40072352105770254 -0.795745053528359 0.008535353383096373
-0.604978467529343 0.400723521057703 0.008535353383096373
-0.7957450535283597 -0.6049784675293427 0.008535353383096373
-0.5617956424467205 -0.9661197547064129 0.003458454607976269
0.5279153971531336 -0.5617956424467212 0.003458454607976269
-0.9661197547064135 0.5279153971531352 0.003458454607976269
0.5279153971531334 -0.9661197547064129 0.003458454607976269
-0.561795642446721 0.5279153971531341 0.003458454607976269
-0.966119754706414 -0.5617956424467201 0.003458454607976269
-0.6705010570889312 -0.8707851706912118 0.006449479824487908
0.5412862277801429 -0.6705010570889316 0.006449479824487908
-0.8707851706912122 0.5412862277801445 0.006449479824487908
0.541286227780144 -0.8707851706912118 0.006449479824487908
-0.6705010570889323 0.5412862277801445 0.006449479824487908
-0.8707851706912122 -0.6705010570889316 0.006449479824487908
-0.3024862251387702 -0.6114130162761495 0.010575895425923805
-0.0861007585850811 -0.3024862251387697 0.010575895425923805
-0.6114130162761497 -0.08610075858508051 0.010575895425923805
-0.08610075858508023 -0.6114130162761495 0.010575895425923805
-0.3024862251387697 -0.08610075858508051 0.010575895425923805
-0.6114130162761492 -0.3024862251387696 0.010575895425923805
-0.28829333988267525 -0.8824208244493574 0.008039168572730154
0.17071416433203251 -0.28829333988267514 0.008039168572730154
-0.8824208244493577 0.1707141643320333 0.008039168572730154
0.17071416433203274 -0.8824208244493574 0.008039168572730154
-0.28829333988267564 0.1707141643320333 0.008039168572730154
-0.8824208244493574 -0.2882933398826748 0.008039168572730154
-0.30256694202906126 -0.5128300482296536 0.01212166641460008
-0.1846030097412845 -0.302566942029061 0.01212166641460008
-0.5128300482296535 -0.18460300974128482 0.01212166641460008
-0.184603009741285 -0.5128300482296536 0.01212166641460008
-0.30256694202906154 -0.18460300974128482 0.01212166641460008
-0.5128300482296535 -0.30256694202906087 0.01212166641460008
-0.15535638358569756 -0.6892872328286048 0.009841674490493545
-0.1553563835856972 -0.15535638358569753 0.009841674490493545
-0.6892872328286057 -0.15535638358569637 0.009841674490493545
-0.09023650008098824 -0.8195269998380235 0.010042950057195209
-0.09023650008098816 -0.09023650008098763 0.010042950057195209
-0.8195269998380241 -0.09023650008098763 0.010042950057195209
-0.41859132890060813 -0.6277480680876737 0.011598274117126524
0.04633939698828082 -0.41859132890060763 0.011598274117126524
-0.6277480680876739 0.04633939698828182 0.011598274117126524
0.04633939698828188 -0.6277480680876737 0.011598274117126524
-0.4185913289006079 0.04633939698828182 0.011598274117126524
-0.6277480680876741 -0.4185913289006075 0.011598274117126524
-0.7121997609191577 -0.7121997609191585 0.008893186481522623
0.42439952183831625 -0.7121997609191585 0.008893186481522623
-0.7121997609191585 0.42439952183831703 0.008893186481522623
-0.4202741303657722 -0.5232859608948874 0.012786295042220069
-0.05643990873933985 -0.4202741303657723 0.012786295042220069
-0.523285960894888 -0.056439908739338907 0.012786295042220069
-0.056439908739339295 -0.5232859608948874 0.012786295042220069
-0.42027413036577294 -0.056439908739338907 0.012786295042220069
-0.5232859608948878 -0.4202741303657723 0.012786295042220069
-0.19531910429052907 -0.6093617914189418 0.009293225529168808
-0.1953191042905297 -0.1953191042905285 0.009293225529168808
-0.6093617914189418 -0.1953191042905285 0.009293225529168808
-0.3812328491090837 -0.7375407664160545 0.011309350017976874
0.11877361552513799 -0.3812328491090839 0.011309350017976874
-0.7375407664160545 0.11877361552513904 0.011309350017976874
0.11877361552513827 -0.7375407664160545 0.011309350017976874
-0.3812328491090845 0.11877361552513904 0.011309350017976874
-0.7375407664160543 -0.38123284910908356 0.011309350017976874
-0.5060409218015112 -0.6630820428950417 0.010622098833799956
0.16912296469655236 -0.5060409218015107 0.010622098833799956
-0.6630820428950419 0.16912296469655358 0.010622098833799956
0.1691229646965529 -0.6630820428950417 0.010622098833799956
-0.5060409218015108 0.16912296469655247 0.010622098833799956
-0.6630820428950416 -0.5060409218015107 0.010622098833799956
-0.12930960975706968 -0.9737490609775525 0.003946460842951802
0.10305867073462255 -0.12930960975706896 0.003946460842951802
-0.9737490609775534 0.10305867073462271 0.003946460842951802
0.10305867073462233 -0.9737490609775525 0.003946460842951802
-0.12930960975706932 0.10305867073462271 0.003946460842951802
-0.9737490609775534 -0.12930960975706896 0.003946460842951802
-0.411408468618332 -0.4114084686183319 0.012850944100348665
-0.177183062763336 -0.4114084686183319 0.012850944100348665
-0.41140846861833236 -0.17718306276333515 0.012850944100348665
-0.29676842240846213 -0.4064631551830757 0.012531175767253634
-0.2967684224084621 -0.2967684224084618 0.012531175767253634
-0.4064631551830762 -0.2967684224084618 0.012531175767253634
-0.17259742137023437 -0.9311731189628392 0.007110958943133889
0.10377054033307404 -0.17259742137023404 0.007110958943133889
-0.9311731189628403 0.10377054033307448 0.007110958943133889
0.10377054033307365 -0.9311731189628392 0.007110958943133889
-0.17259742137023362 0.10377054033307331 0.007110958943133889
-0.9311731189628396 -0.1725974213702329 0.007110958943133889
