-0.0834384072617500 -0.0834384072617500 0.0653236376976110
-0.8331231854765000 -0.0834384072617500 0.0653236376976110
-0.0834384072617500 -0.8331231854765000 0.0653236376976110
-0.1927790708417390 -0.1927790708417390 0.0548256360627290
-0.6144418583165220 -0.1927790708417390 0.0548256360627290
-0.1927790708417390 -0.6144418583165220 0.0548256360627290
-0.4136056641739490 -0.4136056641739490 0.0530200731974070
-0.1727886716521010 -0.4136056641739490 0.0530200731974070
-0.4136056641739490 -0.1727886716521010 0.0530200731974070
-0.7070644261144540 -0.7070644261144540 0.0584319242729720
0.4141288522289080 -0.7070644261144540 0.0584319242729720
-0.7070644261144540 0.4141288522289080 0.0584319242729720
-0.8872742646687930 -0.8872742646687930 0.0211692161324880
0.7745485293375860 -0.8872742646687930 0.0211692161324880
-0.8872742646687930 0.7745485293375860 0.0211692161324880
-0.9668497462832590 -0.9668497462832590 0.0072292861281840
0.9336994925665190 -0.9668497462832590 0.0072292861281840
-0.9668497462832590 0.9336994925665190 0.0072292861281840
-0.5209308916904110 0.5011064850719620 0.0170554962034190
0.5011064850719620 -0.5209308916904110 0.0170554962034190
-0.9801755933815500 0.5011064850719620 0.0170554962034190
0.5011064850719620 -0.9801755933815500 0.0170554962034190
-0.9801755933815500 -0.5209308916904110 0.0170554962034190
-0.5209308916904110 -0.9801755933815500 0.0170554962034190
-0.1902423853633200 0.1586348441028640 0.0278323530333840
0.1586348441028640 -0.1902423853633200 0.0278323530333840
-0.9683924587395440 0.1586348441028640 0.0278323530333840
0.1586348441028640 -0.9683924587395440 0.0278323530333840
-0.9683924587395440 -0.1902423853633200 0.0278323530333840
-0.1902423853633200 -0.9683924587395440 0.0278323530333840
-0.8099957737739100 0.7997085561399691 0.0085838658814700
0.7997085561399691 -0.8099957737739100 0.0085838658814700
-0.9897127823660590 0.7997085561399691 0.0085838658814700
0.7997085561399691 -0.9897127823660590 0.0085838658814700
-0.9897127823660590 -0.8099957737739100 0.0085838658814700
-0.8099957737739100 -0.9897127823660590 0.0085838658814700
-0.7004937853554520 0.6026491338494741 0.0324706585635500
0.6026491338494741 -0.7004937853554520 0.0324706585635500
-0.9021553484940220 0.6026491338494741 0.0324706585635500
0.6026491338494741 -0.9021553484940220 0.0324706585635500
-0.9021553484940230 -0.7004937853554520 0.0324706585635500
-0.7004937853554520 -0.9021553484940230 0.0324706585635500
-0.4261607751173300 0.2886232778522920 0.0512146818425250
0.2886232778522920 -0.4261607751173300 0.0512146818425250
-0.8624625027349621 0.2886232778522920 0.0512146818425250
0.2886232778522920 -0.8624625027349621 0.0512146818425250
-0.8624625027349621 -0.4261607751173300 0.0512146818425250
-0.4261607751173300 -0.8624625027349621 0.0512146818425250
-0.4363286638018310 0.0995198275524320 0.0661763910632910
0.0995198275524320 -0.4363286638018310 0.0661763910632910
-0.6631911637506021 0.0995198275524320 0.0661763910632910
0.0995198275524320 -0.6631911637506021 0.0661763910632910
-0.6631911637506021 -0.4363286638018310 0.0661763910632910
-0.4363286638018310 -0.6631911637506021 0.0661763910632910