-0.3333333333333330 -0.3333333333333330 0.1670467996103930
-0.0042691340910500 -0.0042691340910500 0.0144597011841130
-0.9914617318178990 -0.0042691340910500 0.0144597011841130
-0.0042691340910500 -0.9914617318178990 0.0144597011841130
-0.1439751005418880 -0.1439751005418880 0.1489843558419610
-0.7120497989162250 -0.1439751005418880 0.1489843558419610
-0.1439751005418880 -0.7120497989162250 0.1489843558419610
-0.6304871745135510 -0.6304871745135510 0.1572929468062170
0.2609743490271020 -0.6304871745135510 0.1572929468062170
-0.6304871745135510 0.2609743490271020 0.1572929468062170
-0.9590375628566450 -0.9590375628566450 0.0138566461742150
0.9180751257132900 -0.9590375628566450 0.0138566461742150
-0.9590375628566450 0.9180751257132900 0.0138566461742150
-0.7268528474879330 0.6568468676933890 0.0590366406695590
0.6568468676933890 -0.7268528474879330 0.0590366406695590
-0.9299940202054560 0.6568468676933890 0.0590366406695590
0.6568468676933890 -0.9299940202054560 0.0590366406695590
-0.9299940202054560 -0.7268528474879330 0.0590366406695590
-0.7268528474879330 -0.9299940202054560 0.0590366406695590
-0.3345127988227230 0.2594146583058370 0.0791587343921220
0.2594146583058370 -0.3345127988227230 0.0791587343921220
-0.9249018594831150 0.2594146583058370 0.0791587343921220
0.2594146583058370 -0.9249018594831150 0.0791587343921220
-0.9249018594831150 -0.3345127988227230 0.0791587343921220
-0.3345127988227230 -0.9249018594831150 0.0791587343921220