-0.8821157823195418 -0.9945425135041581 0.0015385059429525033
0.8766582958236999 -0.8821157823195416 0.0015385059429525033
-0.9945425135041575 0.8766582958236997 0.0015385059429525033
0.8766582958237001 -0.9945425135041581 0.0015385059429525033
-0.8821157823195414 0.8766582958236997 0.0015385059429525033
-0.9945425135041581 -0.8821157823195416 0.0015385059429525033
-0.3004239799813363 -0.6856446002656134 0.020904429393844886
-0.013931419753050955 -0.3004239799813361 0.020904429393844886
-0.6856446002656129 -0.013931419753050234 0.020904429393844886
-0.01393141975305029 -0.6856446002656134 0.020904429393844886
-0.30042397998133585 -0.013931419753050234 0.020904429393844886
-0.685644600265613 -0.3004239799813359 0.020904429393844886
-0.35399635291289944 -0.995798066710345 0.002705647898504827
0.3497944196232448 -0.35399635291289955 0.002705647898504827
-0.9957980667103445 0.34979441962324503 0.002705647898504827
0.3497944196232445 -0.995798066710345 0.002705647898504827
-0.3539963529128995 0.34979441962324503 0.002705647898504827
-0.9957980667103454 -0.3539963529128992 0.002705647898504827
-0.0021703507246275122 -0.9956592985507451 0.0030329242063138156
-0.0021703507246275122 -0.0021703507246269016 0.0030329242063138156
-0.9956592985507444 -0.0021703507246269016 0.0030329242063138156
-0.6837082915009671 -0.8636683823725078 0.012878273415067578
0.5473766738734747 -0.6837082915009673 0.012878273415067578
-0.8636683823725075 0.5473766738734762 0.012878273415067578
0.5473766738734749 -0.8636683823725078 0.012878273415067578
-0.683708291500968 0.5473766738734762 0.012878273415067578
-0.8636683823725073 -0.6837082915009673 0.012878273415067578
-0.9409010634772934 -0.9783380827927812 0.002544388874343266
0.9192391462700749 -0.9409010634772936 0.002544388874343266
-0.9783380827927828 0.9192391462700784 0.002544388874343266
0.9192391462700746 -0.9783380827927812 0.002544388874343266
-0.940901063477295 0.9192391462700784 0.002544388874343266
-0.9783380827927817 -0.9409010634772925 0.002544388874343266
-0.4163616531469257 -0.5621353160396546 0.027090493144015168
-0.021503030813419144 -0.41636165314692564 0.027090493144015168
-0.5621353160396547 -0.021503030813419477 0.027090493144015168
-0.0215030308134197 -0.5621353160396546 0.027090493144015168
-0.41636165314692564 -0.021503030813419477 0.027090493144015168
-0.5621353160396552 -0.4163616531469255 0.027090493144015168
-0.8489556429740079 -0.9574262075185338 0.005523061499180894
0.8063818504925426 -0.848955642974009 0.005523061499180894
-0.9574262075185336 0.8063818504925429 0.005523061499180894
0.806381850492542 -0.9574262075185338 0.005523061499180894
-0.8489556429740086 0.8063818504925429 0.005523061499180894
-0.957426207518534 -0.8489556429740079 0.005523061499180894
-0.7657666609822023 -0.9183055668477955 0.009025373690974673
0.6840722278299971 -0.7657666609822021 0.009025373690974673
-0.9183055668477949 0.6840722278299978 0.009025373690974673
0.6840722278299978 -0.9183055668477955 0.009025373690974673
-0.7657666609822021 0.6840722278299978 0.009025373690974673
-0.918305566847796 -0.7657666609822021 0.009025373690974673
-0.9776675637836618 -0.9967930070079123 0.000538984463717403
0.9744605707915739 -0.9776675637836616 0.000538984463717403
-0.9967930070079118 0.9744605707915739 0.000538984463717403
0.9744605707915741 -0.9967930070079123 0.000538984463717403
-0.9776675637836612 0.9744605707915739 0.000538984463717403
-0.9967930070079132 -0.9776675637836616 0.000538984463717403
-0.1312391464765385 -0.7375217070469229 0.022342200590335707
-0.131239146476539 -0.13123914647653792 0.022342200590335707
-0.737521707046923 -0.13123914647653792 0.022342200590335707
-0.9178053287457639 -0.9178053287457641 0.005720983012313786
0.8356106574915281 -0.9178053287457641 0.005720983012313786
-0.9178053287457619 0.8356106574915239 0.005720983012313786
-0.5839087014418258 -0.7969080295463324 0.01877266135256739
0.38081673098815766 -0.5839087014418252 0.01877266135256739
-0.7969080295463324 0.3808167309881589 0.01877266135256739
0.3808167309881582 -0.7969080295463324 0.01877266135256739
-0.5839087014418265 0.3808167309881589 0.01877266135256739
-0.7969080295463324 -0.5839087014418252 0.01877266135256739
-0.21557977003913079 -0.9169458774623545 0.015645836916612945
0.13252564750148493 -0.21557977003912984 0.015645836916612945
-0.9169458774623547 0.13252564750148554 0.015645836916612945
0.13252564750148527 -0.9169458774623545 0.015645836916612945
-0.21557977003913073 0.13252564750148554 0.015645836916612945
-0.9169458774623551 -0.21557977003912984 0.015645836916612945
-0.2805774489800486 -0.8123019177097348 0.021260792726393286
0.09287936668978297 -0.28057744898004794 0.021260792726393286
-0.812301917709735 0.09287936668978408 0.021260792726393286
0.09287936668978342 -0.8123019177097348 0.021260792726393286
-0.280577448980048 0.09287936668978408 0.021260792726393286
-0.8123019177097351 -0.2805774489800476 0.021260792726393286
-0.508250601034249 -0.9826279403912319 0.006102477646690396
0.49087854142548043 -0.5082506010342487 0.006102477646690396
-0.9826279403912319 0.4908785414254819 0.006102477646690396
0.490878541425481 -0.9826279403912319 0.006102477646690396
-0.5082506010342489 0.4908785414254819 0.006102477646690396
-0.9826279403912317 -0.5082506010342487 0.006102477646690396
-0.6659945236501538 -0.9648217519119084 0.0076507333434600415
0.6308162755620628 -0.6659945236501533 0.0076507333434600415
-0.9648217519119084 0.630816275562063 0.0076507333434600415
0.6308162755620623 -0.9648217519119084 0.0076507333434600415
-0.6659945236501534 0.630816275562063 0.0076507333434600415
-0.9648217519119093 -0.6659945236501533 0.0076507333434600415
-0.5831893897351976 -0.5831893897351987 0.02507840688524645
0.16637877947039686 -0.5831893897351976 0.02507840688524645
-0.5831893897351982 0.16637877947039648 0.02507840688524645
-0.7699828027361062 -0.9889529509755757 0.0034833904626035022
0.7589357537116816 -0.7699828027361071 0.0034833904626035022
-0.9889529509755752 0.7589357537116828 0.0034833904626035022
0.758935753711683 -0.9889529509755757 0.0034833904626035022
-0.7699828027361073 0.7589357537116828 0.0034833904626035022
-0.9889529509755755 -0.7699828027361071 0.0034833904626035022
-0.6785082311360724 -0.6785082311360731 0.02114283571645524
0.35701646227214506 -0.678508231136072 0.02114283571645524
-0.6785082311360731 0.3570164622721462 0.02114283571645524
-0.3692092037653617 -0.9522821461146886 0.011338306963330942
0.32149134988005096 -0.3692092037653618 0.011338306963330942
-0.9522821461146884 0.32149134988005085 0.011338306963330942
0.3214913498800504 -0.9522821461146886 0.011338306963330942
-0.36920920376536137 0.32149134988005085 0.011338306963330942
-0.9522821461146893 -0.36920920376536115 0.011338306963330942
-0.5535546995503586 -0.9194093309104567 0.013163995527704461
0.4729640304608153 -0.5535546995503586 0.013163995527704461
-0.9194093309104556 0.47296403046081553 0.013163995527704461
0.4729640304608154 -0.9194093309104567 0.013163995527704461
-0.5535546995503587 0.47296403046081553 0.013163995527704461
-0.9194093309104567 -0.5535546995503586 0.013163995527704461
-0.4232082801625351 -0.8642431913771058 0.01835784832985528
0.2874514715396416 -0.4232082801625352 0.01835784832985528
-0.8642431913771058 0.2874514715396416 0.01835784832985528
0.28745147153964096 -0.8642431913771058 0.01835784832985528
-0.42320828016253476 0.2874514715396416 0.01835784832985528
-0.8642431913771067 -0.42320828016253464 0.01835784832985528
-0.023196794134794474 -0.953606411730411 0.012268802329437879
-0.02319679413479475 -0.02319679413479442 0.012268802329437879
-0.9536064117304108 -0.02319679413479442 0.012268802329437879
-0.46526729945444856 -0.7209287856378348 0.02503673299766892
0.1861960850922832 -0.4652672994544482 0.02503673299766892
-0.7209287856378351 0.1861960850922843 0.02503673299766892
0.18619608509228341 -0.7209287856378348 0.02503673299766892
-0.4652672994544491 0.1861960850922843 0.02503673299766892
-0.7209287856378348 -0.4652672994544482 0.02503673299766892
-0.3952271775697431 -0.39522717756974296 0.03262047761548646
-0.20954564486051402 -0.39522717756974274 0.03262047761548646
-0.3952271775697431 -0.20954564486051358 0.03262047761548646
-0.18846920940221673 -0.9838668285916665 0.007282680822561489
0.17233603799388347 -0.18846920940221693 0.007282680822561489
-0.9838668285916672 0.17233603799388447 0.007282680822561489
0.17233603799388325 -0.9838668285916665 0.007282680822561489
-0.18846920940221723 0.17233603799388447 0.007282680822561489
-0.983866828591667 -0.1884692094022158 0.007282680822561489
-0.7711463740111486 -0.7711463740111488 0.01634575688245424
0.5422927480222985 -0.7711463740111488 0.01634575688245424
-0.7711463740111497 0.542292748022299 0.01634575688245424
-0.07047513783852188 -0.8590497243229562 0.02062623327051699
-0.07047513783852205 -0.07047513783852183 0.02062623327051699
-0.859049724322956 -0.07047513783852183 0.02062623327051699
-0.8525562372197995 -0.852556237219801 0.011217694265662631
0.7051124744396009 -0.8525562372197999 0.011217694265662631
-0.8525562372198006 0.7051124744396011 0.011217694265662631
-0.21876164243347238 -0.5624767151330553 0.03182643056817783
-0.21876164243347285 -0.2187616424334722 0.03182643056817783
-0.562476715133055 -0.21876164243347207 0.03182643056817783
-0.6273585446492802 -0.9997531063754257 0.0013773452500835213
0.6271116510247063 -0.6273585446492804 0.0013773452500835213
-0.9997531063754257 0.6271116510247075 0.0013773452500835213
0.6271116510247059 -0.9997531063754257 0.0013773452500835213
-0.6273585446492811 0.6271116510247063 0.0013773452500835213
-0.9997531063754257 -0.6273585446492804 0.0013773452500835213
