-0.8266315201308606 -0.8266315201308607 0.006404728024828418
0.6532630402617214 -0.8266315201308607 0.006404728024828418
-0.8266315201308607 0.6532630402617214 0.006404728024828418
-0.18114407839471303 -0.637711843210574 0.013669359868936231
-0.1811440783947132 -0.18114407839471358 0.013669359868936231
-0.6377118432105737 -0.18114407839471244 0.013669359868936231
-0.4836941424209857 -0.8261427280734266 0.01002164691314979
0.3098368704944125 -0.48369414242098685 0.01002164691314979
-0.8261427280734266 0.3098368704944134 0.01002164691314979
0.3098368704944133 -0.8261427280734266 0.01002164691314979
-0.48369414242098663 0.3098368704944134 0.01002164691314979
-0.8261427280734261 -0.4836941424209857 0.01002164691314979
-0.4300751960558342 -0.7718159293543375 0.012533343029195948
0.20189112541017212 -0.4300751960558341 0.012533343029195948
-0.7718159293543372 0.20189112541017235 0.012533343029195948
0.2018911254101718 -0.7718159293543375 0.012533343029195948
-0.4300751960558341 0.20189112541017235 0.012533343029195948
-0.7718159293543381 -0.43007519605583366 0.012533343029195948
-0.24333292340751475 -0.5133341531849704 0.017868323616273527
-0.24333292340751483 -0.2433329234075143 0.017868323616273527
-0.5133341531849709 -0.24333292340751417 0.017868323616273527
-0.002040564279897461 -0.995918871440205 0.0020821824745728456
-0.0020405642798975165 -0.002040564279896906 0.0020821824745728456
-0.9959188714402054 -0.002040564279896906 0.0020821824745728456
-0.7318647323161322 -0.8166693371198974 0.010212184603726629
0.5485340694360288 -0.7318647323161316 0.010212184603726629
-0.8166693371198976 0.5485340694360299 0.010212184603726629
0.5485340694360288 -0.8166693371198974 0.010212184603726629
-0.7318647323161318 0.5485340694360299 0.010212184603726629
-0.8166693371198982 -0.7318647323161316 0.010212184603726629
-0.34617249958065655 -0.5681212175131688 0.01927849371768152
-0.08570628290617469 -0.3461724995806566 0.01927849371768152
-0.5681212175131689 -0.08570628290617419 0.01927849371768152
-0.08570628290617457 -0.5681212175131688 0.01927849371768152
-0.3461724995806569 -0.08570628290617419 0.01927849371768152
-0.5681212175131688 -0.3461724995806564 0.01927849371768152
-0.4806786639825572 -0.48067866398255754 0.019477714473370742
-0.038642672034884196 -0.48067866398255754 0.019477714473370742
-0.4806786639825576 -0.03864267203488486 0.019477714473370742
-0.7983085680344486 -0.9552193674268328 0.004842476077736989
0.7535279354612816 -0.7983085680344493 0.004842476077736989
-0.9552193674268332 0.7535279354612834 0.004842476077736989
0.7535279354612816 -0.9552193674268328 0.004842476077736989
-0.7983085680344493 0.7535279354612834 0.004842476077736989
-0.9552193674268339 -0.7983085680344482 0.004842476077736989
-0.2895343491904723 -0.8015161242239435 0.015394693454109924
0.09105047341441602 -0.289534349190472 0.015394693454109924
-0.8015161242239441 0.09105047341441636 0.015394693454109924
0.0910504734144158 -0.8015161242239435 0.015394693454109924
-0.28953434919047216 0.09105047341441636 0.015394693454109924
-0.8015161242239432 -0.2895343491904714 0.015394693454109924
-0.6831945316085497 -0.9591126497116504 0.005976489383898062
0.642307181320201 -0.6831945316085499 0.005976489383898062
-0.9591126497116509 0.6423071813202017 0.005976489383898062
0.6423071813202013 -0.9591126497116504 0.005976489383898062
-0.6831945316085508 0.6423071813202017 0.005976489383898062
-0.9591126497116509 -0.6831945316085499 0.005976489383898062
-0.042976053487235544 -0.9140478930255287 0.010928651368092068
-0.042976053487235155 -0.0429760534872356 0.010928651368092068
-0.9140478930255282 -0.0429760534872356 0.010928651368092068
-0.19752050308389077 -0.8827757630866984 0.01239770805188674
0.08029626617058933 -0.19752050308389063 0.01239770805188674
-0.8827757630866986 0.0802962661705891 0.01239770805188674
0.08029626617058921 -0.8827757630866984 0.01239770805188674
-0.19752050308389052 0.0802962661705891 0.01239770805188674
-0.8827757630866992 -0.1975205030838895 0.01239770805188674
-0.545355973670067 -0.9611501796688457 0.006633994587826148
0.5065061533389124 -0.5453559736700664 0.006633994587826148
-0.9611501796688455 0.5065061533389132 0.006633994587826148
0.506506153338913 -0.9611501796688457 0.006633994587826148
-0.5453559736700676 0.5065061533389132 0.006633994587826148
-0.9611501796688457 -0.5453559736700664 0.006633994587826148
-0.791991999737146 -0.89825961561247 0.007417859225178531
0.6902516153496161 -0.7919919997371461 0.007417859225178531
-0.8982596156124703 0.6902516153496172 0.007417859225178531
0.6902516153496161 -0.89825961561247 0.007417859225178531
-0.7919919997371456 0.6902516153496161 0.007417859225178531
-0.8982596156124705 -0.7919919997371448 0.007417859225178531
-0.49676196127392697 -0.992387495742362 0.0030852930369411314
0.48914945701628826 -0.49676196127392647 0.0030852930369411314
-0.992387495742362 0.4891494570162898 0.0030852930369411314
0.48914945701628904 -0.992387495742362 0.0030852930369411314
-0.49676196127392624 0.4891494570162886 0.0030852930369411314
-0.9923874957423617 -0.49676196127392647 0.0030852930369411314
-0.6106569452559079 -0.81209257926082 0.013224344822136833
0.4227495245167277 -0.6106569452559072 0.013224344822136833
-0.8120925792608202 0.4227495245167285 0.013224344822136833
0.42274952451672804 -0.81209257926082 0.013224344822136833
-0.6106569452559072 0.4227495245167285 0.013224344822136833
-0.8120925792608205 -0.6106569452559072 0.013224344822136833
-0.6487207370839339 -0.9926660447519764 0.0027103563915013033
0.6413867818359096 -0.6487207370839332 0.0027103563915013033
-0.9926660447519764 0.6413867818359107 0.0027103563915013033
0.6413867818359094 -0.9926660447519764 0.0027103563915013033
-0.6487207370839343 0.6413867818359107 0.0027103563915013033
-0.9926660447519764 -0.6487207370839332 0.0027103563915013033
-0.6691549920987475 -0.8991485929878689 0.00980725668710583
0.568303585086616 -0.6691549920987478 0.00980725668710583
-0.8991485929878682 0.5683035850866167 0.00980725668710583
0.5683035850866165 -0.8991485929878689 0.00980725668710583
-0.6691549920987473 0.5683035850866167 0.00980725668710583
-0.8991485929878686 -0.6691549920987466 0.00980725668710583
-0.8790341518180789 -0.991775703438118 0.0018315323143620135
0.8708098552561969 -0.8790341518180795 0.0018315323143620135
-0.9917757034381176 0.870809855256198 0.0018315323143620135
0.8708098552561971 -0.991775703438118 0.0018315323143620135
-0.8790341518180795 0.870809855256198 0.0018315323143620135
-0.9917757034381187 -0.8790341518180784 0.0018315323143620135
-0.33579286928495405 -0.9913266582700138 0.003643632528853041
0.3271195275549677 -0.33579286928495333 0.003643632528853041
-0.9913266582700142 0.32711952755496837 0.003643632528853041
0.3271195275549679 -0.9913266582700138 0.003643632528853041
-0.33579286928495417 0.32711952755496837 0.003643632528853041
-0.9913266582700146 -0.33579286928495283 0.003643632528853041
-0.24117356630872236 -0.7124716475189142 0.01848475980341923
-0.04635478617236383 -0.24117356630872222 0.01848475980341923
-0.7124716475189146 -0.04635478617236283 0.01848475980341923
-0.04635478617236344 -0.7124716475189142 0.01848475980341923
-0.24117356630872255 -0.04635478617236283 0.01848475980341923
-0.712471647518914 -0.241173566308722 0.01848475980341923
-0.9529651138841726 -0.9529651138841746 0.002762738126055815
0.9059302277683479 -0.9529651138841735 0.002762738126055815
-0.9529651138841773 0.9059302277683541 0.002762738126055815
-0.8868622055021087 -0.9562683639432585 0.003921262467386434
0.8431305694453677 -0.8868622055021091 0.003921262467386434
-0.9562683639432576 0.8431305694453668 0.003921262467386434
0.8431305694453672 -0.9562683639432585 0.003921262467386434
-0.8868622055021083 0.8431305694453668 0.003921262467386434
-0.956268363943259 -0.886862205502108 0.003921262467386434
-0.38795227647927877 -0.38795227647927866 0.024177479961833122
-0.22409544704144255 -0.38795227647927866 0.024177479961833122
-0.38795227647927893 -0.2240954470414422 0.024177479961833122
-0.7070218985667149 -0.707021898566714 0.014754892993468337
0.4140437971334289 -0.707021898566714 0.014754892993468337
-0.7070218985667145 0.41404379713342915 0.014754892993468337
-0.8912415934410063 -0.8912415934410074 0.006418700887883244
0.7824831868820148 -0.8912415934410074 0.006418700887883244
-0.8912415934410081 0.7824831868820161 0.006418700887883244
-0.41803016746133925 -0.6633853373149954 0.020419835572793
0.08141550477633491 -0.41803016746133975 0.020419835572793
-0.6633853373149959 0.08141550477633591 0.020419835572793
0.08141550477633569 -0.6633853373149954 0.020419835572793
-0.4180301674613399 0.08141550477633591 0.020419835572793
-0.6633853373149954 -0.4180301674613393 0.020419835572793
-0.5263092110336964 -0.9029720401895829 0.010927540874744313
0.4292812512232806 -0.5263092110336971 0.010927540874744313
-0.9029720401895835 0.42928125122328137 0.010927540874744313
0.4292812512232805 -0.9029720401895829 0.010927540874744313
-0.5263092110336977 0.42928125122328137 0.010927540874744313
-0.902972040189584 -0.526309211033696 0.010927540874744313
-0.17090169404711394 -0.990525520238136 0.004022204019569456
0.16142721428524964 -0.17090169404711325 0.004022204019569456
-0.9905255202381362 0.16142721428525053 0.004022204019569456
0.16142721428525003 -0.990525520238136 0.004022204019569456
-0.17090169404711422 0.16142721428525053 0.004022204019569456
-0.9905255202381362 -0.17090169404711325 0.004022204019569456
-0.38492762351811804 -0.9557295721852639 0.008536669405268968
0.3406571957033819 -0.3849276235181177 0.008536669405268968
-0.9557295721852641 0.3406571957033823 0.008536669405268968
0.3406571957033819 -0.9557295721852639 0.008536669405268968
-0.38492762351811816 0.3406571957033823 0.008536669405268968
-0.9557295721852643 -0.3849276235181175 0.008536669405268968
-0.7781466711330596 -0.9912132097810669 0.002575752817790739
0.769359880914126 -0.7781466711330598 0.002575752817790739
-0.9912132097810664 0.7693598809141269 0.002575752817790739
0.7693598809141264 -0.9912132097810669 0.002575752817790739
-0.7781466711330594 0.7693598809141269 0.002575752817790739
-0.9912132097810675 -0.7781466711330587 0.002575752817790739
-0.5636159682734921 -0.5636159682734916 0.019852752359088403
0.12723193654698378 -0.5636159682734916 0.019852752359088403
-0.5636159682734921 0.1272319365469844 0.019852752359088403
-0.36227375588726457 -0.8896795892875049 0.01319976665451359
0.25195334517477025 -0.36227375588726435 0.01319976665451359
-0.8896795892875049 0.25195334517477 0.01319976665451359
0.25195334517476947 -0.8896795892875049 0.01319976665451359
-0.36227375588726396 0.25195334517477 0.01319976665451359
-0.889679589287506 -0.3622737558872639 0.01319976665451359
-0.016017311086893415 -0.9679653778262132 0.007724724059932084
-0.01601731108689325 -0.016017311086893415 0.007724724059932084
-0.9679653778262138 -0.01601731108689225 0.007724724059932084
-0.2092644817972343 -0.9512002230607233 0.009894865617616376
0.16046470485795705 -0.20926448179723395 0.009894865617616376
-0.9512002230607226 0.16046470485795722 0.009894865617616376
0.16046470485795766 -0.9512002230607233 0.009894865617616376
-0.20926448179723456 0.16046470485795722 0.009894865617616376
-0.951200223060723 -0.20926448179723395 0.009894865617616376
-0.09320007676438916 -0.8135998464712215 0.018667595539293112
-0.0932000767643894 -0.09320007676438921 0.018667595539293112
-0.8135998464712213 -0.09320007676438921 0.018667595539293112
-0.5724843394052941 -0.6987301163416277 0.018362963115854218
0.27121445574692177 -0.5724843394052934 0.018362963115854218
-0.698730116341628 0.2712144557469223 0.018362963115854218
0.2712144557469219 -0.6987301163416277 0.018362963115854218
-0.5724843394052939 0.2712144557469223 0.018362963115854218
-0.6987301163416282 -0.5724843394052934 0.018362963115854218
-0.9905466789788626 -0.9905466789788646 0.0005869654671560353
0.9810933579577279 -0.9905466789788635 0.0005869654671560353
-0.9905466789788668 0.9810933579577339 0.0005869654671560353
-0.9504412595649183 -0.9909952294234052 0.001288003548694865
0.9414364889883242 -0.9504412595649185 0.001288003548694865
-0.9909952294234048 0.941436488988324 0.001288003548694865
0.9414364889883238 -0.9909952294234052 0.001288003548694865
-0.9504412595649185 0.941436488988324 0.001288003548694865
-0.9909952294234057 -0.9504412595649185 0.001288003548694865
