-0.9615840130228295 -0.9960063483633999 0.3026697916964751 0.01027757488266732
-0.3530863164208045 -0.8781556308290985 0.2303419766237413 0.01600505625095977
-0.8750519549536996 -0.8720611393484019 0.6257451111419999 0.03095574577048297
-0.9719338310533894 -0.5384301995246594 0.1323261490613942 0.0298818205271884
-0.875111174574182 -0.3521038580216352 0.1726425716602438 0.03105464927642636
-0.4769824616468344 -0.2997693909856582 -0.9760482462216848 0.03643988575686197
-0.4791588240034765 -0.9549340330123353 0.1293002049353824 0.03839504479364608
-0.4834389052651127 0.0007573396996314189 -0.8346618087852156 0.05732154928530758
-0.2056511940101652 -0.4202774361826186 -0.6579022443624429 0.07037555420473827
0.100911883249719 -0.6855162880279936 -0.9125130596785364 0.05578470881013385
-0.9483336645365394 0.2630969478360095 -0.4391895237961878 0.02761610955168379
-0.7850751384336935 -0.7774977331461141 -0.04830167652136928 0.08040202078827961
-0.4957389387412098 -0.5648911115672932 -0.1025214892328492 0.08894827622097573
0.2036471552636233 -0.9107394641867267 -0.4200119312689738 0.04188150327399957
-0.9336686003379285 -0.847517059432062 -0.4503969302040128 0.0377503834825768
-0.7802080473459577 -0.1255038204709026 -0.4468566345222847 0.08898598589450757
-0.1792838080101212 -0.8519825957217687 -0.5104766981613168 0.0855851185806132
-0.6471235539701038 -0.5623747549049909 -0.6484677794670978 0.1097842250407599
-0.6017788558942327 -0.9967729347600202 -0.4725052493228703 0.02783027354905358
0.05742261282730587 -0.5312070053280754 -0.5660034013082683 0.03274990651463103
-0.9921406970258241 -0.298943186325434 -0.5163107738828341 0.02979822864344558
-0.5530595949397141 0.1017779562844258 -0.5489429246054712 0.02957375890028239
-0.4044295312329518 -0.8639777902014778 -0.9047011137982146 0.04924774548191801
-0.4124599269525862 0.2559664587171953 -0.945035243614331 0.02226933475152645
-0.8942447412422905 0.1980384797597949 -0.8900408342089722 0.04506115373700134
-0.8939997233309064 -0.4493803786257355 -0.91004467374624 0.03741490441857739
0.1982018872400515 -0.3606832478059763 -0.9295724094050908 0.02812368778917139
0.64149060148319 -0.8743698543095261 -0.882179174348782 0.02745379817637409
-0.8802116098600259 0.6490881333907904 -0.8864482666201061 0.02560374906157176
-0.8759778161267123 -0.8957266218839777 -0.8856356909664418 0.02407610331221043
0.2710430211675223 -0.9989991331114559 -0.8802110555361826 0.01668547660576085
