-0.1151272884204540 -0.1151272884204540 0.0886940508123750
-0.7697454231590920 -0.1151272884204540 0.0886940508123750
-0.1151272884204540 -0.7697454231590920 0.0886940508123750
-0.2413269337409700 -0.2413269337409700 0.0834866389704950
-0.5173461325180601 -0.2413269337409700 0.0834866389704950
-0.2413269337409700 -0.5173461325180601 0.0834866389704950
-0.7734355867724270 -0.7734355867724270 0.0619493704569580
0.5468711735448550 -0.7734355867724270 0.0619493704569580
-0.7734355867724270 0.5468711735448550 0.0619493704569580
-0.5503601518534220 -0.5503601518534220 0.0969267446078050
0.1007203037068440 -0.5503601518534220 0.0969267446078050
-0.5503601518534220 0.1007203037068440 0.0969267446078050
-0.9498508396869190 -0.9498508396869190 0.0162847158133940
0.8997016793738370 -0.9498508396869190 0.0162847158133940
-0.9498508396869190 0.8997016793738370 0.0162847158133940
-0.0232475830796320 -0.0232475830796320 0.0477301622095430
-0.9535048338407370 -0.0232475830796320 0.0477301622095430
-0.0232475830796320 -0.9535048338407370 0.0477301622095430
0.7011146867421900 -0.9563411857920920 0.0307404781720770
-0.9563411857920920 0.7011146867421900 0.0307404781720770
-0.7447735009500970 -0.9563411857920920 0.0307404781720770
-0.9563411857920920 -0.7447735009500970 0.0307404781720770
-0.7447735009500970 0.7011146867421890 0.0307404781720770
0.7011146867421890 -0.7447735009500970 0.0307404781720770
0.2809746038208890 -0.8207545184096490 0.0733642951839330
-0.8207545184096490 0.2809746038208890 0.0733642951839330
-0.4602200854112400 -0.8207545184096490 0.0733642951839330
-0.8207545184096490 -0.4602200854112400 0.0733642951839330
-0.4602200854112400 0.2809746038208890 0.0733642951839330
0.2809746038208890 -0.4602200854112400 0.0733642951839330
0.3800928397554420 -0.4125993490125090 0.0316927185420380
-0.4125993490125090 0.3800928397554420 0.0316927185420380
-0.9674934907429330 -0.4125993490125090 0.0316927185420380
-0.4125993490125090 -0.9674934907429330 0.0316927185420380
-0.9674934907429330 0.3800928397554420 0.0316927185420380
0.3800928397554420 -0.9674934907429330 0.0316927185420380