-0.9963798898138363 -0.9963798898138372 0.00010441864625103197
0.9927597796276733 -0.9963798898138361 0.00010441864625103197
-0.9963798898138372 0.9927597796276746 0.00010441864625103197
-0.3707844972322445 -0.3707844972322441 0.012886539341765361
-0.2584310055355114 -0.3707844972322441 0.012886539341765361
-0.3707844972322445 -0.25843100553551107 0.012886539341765361
-0.25633508432112845 -0.4873298313577431 0.011292407545009242
-0.25633508432112895 -0.25633508432112806 0.011292407545009242
-0.48732983135774294 -0.25633508432112806 0.011292407545009242
-0.9212413961559527 -0.9464543955825686 0.001893267992905801
0.8676957917385215 -0.9212413961559527 0.001893267992905801
-0.9464543955825664 0.8676957917385171 0.001893267992905801
0.8676957917385215 -0.9464543955825686 0.001893267992905801
-0.9212413961559498 0.8676957917385171 0.001893267992905801
-0.9464543955825702 -0.9212413961559516 0.001893267992905801
-0.8582500545466281 -0.957065227775374 0.0021556766587741702
0.815315282322002 -0.8582500545466278 0.0021556766587741702
-0.957065227775374 0.8153152823220031 0.0021556766587741702
0.815315282322002 -0.957065227775374 0.0021556766587741702
-0.8582500545466285 0.8153152823220031 0.0021556766587741702
-0.957065227775374 -0.8582500545466278 0.0021556766587741702
-0.9544646821800944 -0.976029777514491 0.0011071028126092796
0.9304944596945857 -0.9544646821800953 0.0011071028126092796
-0.9760297775144904 0.9304944596945863 0.0011071028126092796
0.9304944596945857 -0.976029777514491 0.0011071028126092796
-0.9544646821800953 0.9304944596945863 0.0011071028126092796
-0.9760297775144904 -0.9544646821800953 0.0011071028126092796
-0.5745946829618039 -0.8071775947514621 0.007489441830559944
0.3817722777132661 -0.574594682961804 0.007489441830559944
-0.8071775947514626 0.3817722777132673 0.007489441830559944
0.3817722777132661 -0.8071775947514621 0.007489441830559944
-0.5745946829618046 0.3817722777132673 0.007489441830559944
-0.8071775947514619 -0.574594682961804 0.007489441830559944
-0.6058400101169599 -0.7440435543071344 0.008147478419244722
0.3498835644240936 -0.6058400101169591 0.008147478419244722
-0.7440435543071346 0.3498835644240947 0.008147478419244722
0.34988356442409424 -0.7440435543071344 0.008147478419244722
-0.6058400101169596 0.3498835644240947 0.008147478419244722
-0.7440435543071355 -0.6058400101169591 0.008147478419244722
-0.0363020796483311 -0.9273958407033376 0.005950213649484752
-0.036302079648331376 -0.036302079648331154 0.005950213649484752
-0.9273958407033374 -0.036302079648331154 0.005950213649484752
-0.8721739171279979 -0.915201786777688 0.0035775091413292573
0.7873757039056866 -0.8721739171279992 0.0035775091413292573
-0.9152017867776876 0.7873757039056872 0.0035775091413292573
0.787375703905687 -0.915201786777688 0.0035775091413292573
-0.8721739171279987 0.7873757039056872 0.0035775091413292573
-0.915201786777688 -0.8721739171279979 0.0035775091413292573
-0.8167490734484845 -0.976626005197651 0.002062849476286946
0.7933750786461353 -0.8167490734484846 0.002062849476286946
-0.9766260051976507 0.7933750786461367 0.002062849476286946
0.7933750786461355 -0.976626005197651 0.002062849476286946
-0.8167490734484846 0.7933750786461355 0.002062849476286946
-0.9766260051976507 -0.8167490734484846 0.002062849476286946
-0.8221649192885242 -0.8735169341228337 0.005064414536654138
0.6956818534113582 -0.8221649192885245 0.005064414536654138
-0.8735169341228337 0.6956818534113585 0.005064414536654138
0.695681853411358 -0.8735169341228337 0.005064414536654138
-0.8221649192885241 0.6956818534113585 0.005064414536654138
-0.8735169341228342 -0.8221649192885234 0.005064414536654138
-0.08153888219260208 -0.9703181103184406 0.004504957115849278
0.05185699251104303 -0.08153888219260191 0.004504957115849278
-0.9703181103184408 0.05185699251104364 0.004504957115849278
0.05185699251104264 -0.9703181103184406 0.004504957115849278
-0.0815388821926018 0.05185699251104364 0.004504957115849278
-0.9703181103184411 -0.08153888219260191 0.004504957115849278
-0.9322312355303122 -0.9963199207687734 0.0005636750169318816
0.9285511562990862 -0.9322312355303124 0.0005636750169318816
-0.9963199207687754 0.9285511562990905 0.0005636750169318816
0.9285511562990858 -0.9963199207687734 0.0005636750169318816
-0.932231235530314 0.9285511562990905 0.0005636750169318816
-0.9963199207687743 -0.9322312355303113 0.0005636750169318816
-0.3598495791867699 -0.48388577252025616 0.012218746139296499
-0.1562646482929745 -0.3598495791867689 0.012218746139296499
-0.48388577252025683 -0.1562646482929737 0.012218746139296499
-0.15626464829297387 -0.48388577252025616 0.012218746139296499
-0.3598495791867693 -0.1562646482929737 0.012218746139296499
-0.48388577252025655 -0.3598495791867688 0.012218746139296499
-0.7154360033831577 -0.7154360033831586 0.008489911554222395
0.4308720067663174 -0.7154360033831586 0.008489911554222395
-0.7154360033831586 0.43087200676631715 0.008489911554222395
-0.15586301493622134 -0.9275615491319633 0.0066179424306047185
0.08342456406818516 -0.1558630149362222 0.0066179424306047185
-0.9275615491319626 0.0834245640681856 0.0066179424306047185
0.08342456406818466 -0.9275615491319633 0.0066179424306047185
-0.1558630149362228 0.0834245640681856 0.0066179424306047185
-0.9275615491319635 -0.15586301493622107 0.0066179424306047185
-0.9042471178541434 -0.9789120679112673 0.0015006807482012027
0.8831591857654104 -0.9042471178541429 0.0015006807482012027
-0.9789120679112677 0.8831591857654124 0.0015006807482012027
0.8831591857654106 -0.9789120679112673 0.0015006807482012027
-0.9042471178541438 0.8831591857654124 0.0015006807482012027
-0.9789120679112675 -0.9042471178541429 0.0015006807482012027
-0.6507327702673169 -0.6507327702673162 0.010072503417952775
0.3014655405346332 -0.6507327702673162 0.010072503417952775
-0.6507327702673169 0.30146554053463376 0.010072503417952775
-0.14960384316972034 -0.7007923136605594 0.012020200954324536
-0.14960384316972042 -0.14960384316971914 0.012020200954324536
-0.7007923136605604 -0.14960384316971914 0.012020200954324536
-0.27640195458784766 -0.6979462250008686 0.012447318466419216
-0.025651820411283388 -0.2764019545878472 0.012447318466419216
-0.6979462250008697 -0.025651820411282444 0.012447318466419216
-0.025651820411283666 -0.6979462250008686 0.012447318466419216
-0.2764019545878471 -0.025651820411283666 0.012447318466419216
-0.6979462250008694 -0.2764019545878471 0.012447318466419216
-0.580045255324164 -0.580045255324164 0.012154457993954681
0.16009051064832797 -0.580045255324164 0.012154457993954681
-0.5800452553241645 0.16009051064832913 0.012154457993954681
-0.8630861138155583 -0.9950358781965354 0.0009808417420286595
0.8581219920120933 -0.8630861138155583 0.0009808417420286595
-0.9950358781965334 0.8581219920120902 0.0009808417420286595
0.8581219920120937 -0.9950358781965354 0.0009808417420286595
-0.8630861138155561 0.8581219920120902 0.0009808417420286595
-0.9950358781965363 -0.8630861138155572 0.0009808417420286595
-0.5274230548070878 -0.6900844659560742 0.011781288531408475
0.21750752076316165 -0.5274230548070873 0.011781288531408475
-0.6900844659560745 0.21750752076316276 0.011781288531408475
0.2175075207631621 -0.6900844659560742 0.011781288531408475
-0.527423054807088 0.21750752076316276 0.011781288531408475
-0.6900844659560754 -0.5274230548070873 0.011781288531408475
-0.40420916202990076 -0.6960768926698023 0.012476240238228043
0.10028605469970331 -0.40420916202990065 0.012476240238228043
-0.6960768926698029 0.1002860546997037 0.012476240238228043
0.10028605469970314 -0.6960768926698023 0.012476240238228043
-0.4042091620299008 0.1002860546997037 0.012476240238228043
-0.6960768926698029 -0.40420916202990026 0.012476240238228043
-0.7748854969521559 -0.9952449085392561 0.0011778363762562632
0.7701304054914124 -0.7748854969521567 0.0011778363762562632
-0.9952449085392554 0.7701304054914129 0.0011778363762562632
0.7701304054914122 -0.9952449085392561 0.0011778363762562632
-0.7748854969521564 0.7701304054914129 0.0011778363762562632
-0.9952449085392563 -0.7748854969521555 0.0011778363762562632
-0.975868274057385 -0.9939015238283238 0.0004781031236095386
0.9697697978857085 -0.975868274057385 0.0004781031236095386
-0.9939015238283249 0.9697697978857123 0.0004781031236095386
0.9697697978857078 -0.9939015238283238 0.0004781031236095386
-0.9758682740573863 0.9697697978857123 0.0004781031236095386
-0.9939015238283242 -0.9758682740573836 0.0004781031236095386
-0.2186938058273664 -0.9698490684989511 0.004676267519738247
0.18854287432631806 -0.21869380582736597 0.004676267519738247
-0.9698490684989509 0.18854287432631806 0.004676267519738247
0.1885428743263176 -0.9698490684989511 0.004676267519738247
-0.21869380582736597 0.18854287432631806 0.004676267519738247
-0.9698490684989522 -0.21869380582736553 0.004676267519738247
-0.14517854525205928 -0.9942308917848635 0.0020908659415512136
0.13940943703692255 -0.14517854525205906 0.0020908659415512136
-0.9942308917848639 0.13940943703692382 0.0020908659415512136
0.1394094370369227 -0.9942308917848635 0.0020908659415512136
-0.14517854525205928 0.13940943703692266 0.0020908659415512136
-0.9942308917848635 -0.14517854525205906 0.0020908659415512136
-0.4745200527493149 -0.4745200527493141 0.013534280416844988
-0.050959894501370895 -0.4745200527493141 0.013534280416844988
-0.47452005274931464 -0.05095989450137056 0.013534280416844988
-0.1763089558045605 -0.7904697245483085 0.01198037824061915
-0.03322131964713099 -0.17630895580456002 0.01198037824061915
-0.7904697245483089 -0.03322131964713021 0.01198037824061915
-0.03322131964713071 -0.7904697245483085 0.01198037824061915
-0.17630895580456085 -0.03322131964713021 0.01198037824061915
-0.790469724548309 -0.17630895580456002 0.01198037824061915
-0.002792721537771159 -0.9944145569244576 0.00204727994060087
-0.002792721537771381 -0.0027927215377712145 0.00204727994060087
-0.9944145569244573 -0.0027927215377712145 0.00204727994060087
-0.35555761096631217 -0.9703364648488557 0.004576499174522514
0.3258940758151683 -0.35555761096631266 0.004576499174522514
-0.9703364648488555 0.325894075815169 0.004576499174522514
0.3258940758151679 -0.9703364648488557 0.004576499174522514
-0.35555761096631244 0.325894075815169 0.004576499174522514
-0.9703364648488559 -0.3555576109663122 0.004576499174522514
-0.29095019673823685 -0.9265096128707462 0.007220974113111691
0.21745980960898276 -0.29095019673823735 0.007220974113111691
-0.9265096128707457 0.21745980960898365 0.007220974113111691
0.2174598096089832 -0.9265096128707462 0.007220974113111691
-0.2909501967382378 0.21745980960898365 0.007220974113111691
-0.9265096128707455 -0.29095019673823685 0.007220974113111691
-0.3359447654024402 -0.5943340458874915 0.014117315617100362
-0.06972118871006777 -0.3359447654024404 0.014117315617100362
-0.5943340458874915 -0.06972118871006705 0.014117315617100362
-0.06972118871006822 -0.5943340458874915 0.014117315617100362
-0.3359447654024399 -0.06972118871006816 0.014117315617100362
-0.594334045887492 -0.3359447654024401 0.014117315617100362
-0.4939405218304556 -0.8688213646206067 0.00875710514740552
0.36276188645106194 -0.4939405218304559 0.00875710514740552
-0.8688213646206062 0.3627618864510626 0.00875710514740552
0.3627618864510624 -0.8688213646206067 0.00875710514740552
-0.4939405218304553 0.3627618864510626 0.00875710514740552
-0.8688213646206067 -0.4939405218304547 0.00875710514740552
-0.2859201902109807 -0.9943331842363745 0.0020342767179006237
0.28025337444735515 -0.28592019021098036 0.0020342767179006237
-0.9943331842363752 0.28025337444735626 0.0020342767179006237
0.2802533744473554 -0.9943331842363745 0.0020342767179006237
-0.2859201902109811 0.28025337444735626 0.0020342767179006237
-0.994333184236375 -0.28592019021098003 0.0020342767179006237
-0.42587862157668915 -0.9278949684666515 0.006910969049440932
0.3537735900433407 -0.42587862157668915 0.006910969049440932
-0.9278949684666518 0.35377359004334147 0.006910969049440932
0.3537735900433408 -0.9278949684666515 0.006910969049440932
-0.4258786215766897 0.35377359004334147 0.006910969049440932
-0.9278949684666518 -0.4258786215766886 0.006910969049440932
-0.7277372967377276 -0.9716876057457446 0.003325238483154385
0.6994249024834731 -0.7277372967377282 0.003325238483154385
-0.9716876057457449 0.699424902483474 0.003325238483154385
0.6994249024834724 -0.9716876057457446 0.003325238483154385
-0.727737296737728 0.699424902483474 0.003325238483154385
-0.9716876057457453 -0.7277372967377271 0.003325238483154385
-0.7355517486764496 -0.8724543806557346 0.006702341306537396
0.6080061293321843 -0.7355517486764505 0.006702341306537396
-0.8724543806557346 0.608006129332185 0.006702341306537396
0.6080061293321843 -0.8724543806557346 0.006702341306537396
-0.73555174867645 0.608006129332185 0.006702341306537396
-0.8724543806557352 -0.7355517486764493 0.006702341306537396
-0.7841515603208948 -0.9328931209082543 0.0047731293010657835
0.7170446812291487 -0.7841515603208953 0.0047731293010657835
-0.932893120908254 0.7170446812291507 0.0047731293010657835
0.7170446812291491 -0.9328931209082543 0.0047731293010657835
-0.7841515603208957 0.7170446812291507 0.0047731293010657835
-0.9328931209082543 -0.7841515603208953 0.0047731293010657835
-0.6942261957172269 -0.8008419107929141 0.008350757986337687
0.4950681065101414 -0.6942261957172267 0.008350757986337687
-0.8008419107929146 0.49506810651014205 0.008350757986337687
0.49506810651014116 -0.8008419107929141 0.008350757986337687
-0.6942261957172269 0.49506810651014205 0.008350757986337687
-0.8008419107929147 -0.6942261957172267 0.008350757986337687
-0.6237964561407864 -0.8707016959499212 0.007742242977085276
0.4944981520907085 -0.6237964561407869 0.007742242977085276
-0.8707016959499216 0.4944981520907092 0.007742242977085276
0.49449815209070763 -0.8707016959499212 0.007742242977085276
-0.6237964561407865 0.4944981520907092 0.007742242977085276
-0.8707016959499221 -0.6237964561407858 0.007742242977085276
-0.4900351416982237 -0.9702025462583845 0.004384678392087789
0.46023768795660797 -0.4900351416982238 0.004384678392087789
-0.9702025462583841 0.4602376879566084 0.004384678392087789
0.4602376879566083 -0.9702025462583845 0.004384678392087789
-0.49003514169822415 0.4602376879566084 0.004384678392087789
-0.9702025462583841 -0.4900351416982238 0.004384678392087789
-0.5538438390374447 -0.9942911054439723 0.0018254646730430438
0.5481349444814174 -0.5538438390374449 0.0018254646730430438
-0.9942911054439725 0.5481349444814172 0.0018254646730430438
0.5481349444814172 -0.9942911054439723 0.0018254646730430438
-0.5538438390374446 0.5481349444814172 0.0018254646730430438
-0.9942911054439729 -0.5538438390374438 0.0018254646730430438
-0.20086694894605947 -0.598266102107881 0.014460219465903411
-0.20086694894605955 -0.20086694894605886 0.014460219465903411
-0.5982661021078816 -0.20086694894605886 0.014460219465903411
-0.6718985279579345 -0.994338456357637 0.0016056693052307048
0.6662369843155718 -0.6718985279579354 0.0016056693052307048
-0.9943384563576361 0.6662369843155724 0.0016056693052307048
0.6662369843155715 -0.994338456357637 0.0016056693052307048
-0.6718985279579353 0.6662369843155724 0.0016056693052307048
-0.994338456357637 -0.6718985279579341 0.0016056693052307048
-0.4236977651620226 -0.9943281064068228 0.0019587192031572487
0.41802587156884546 -0.42369776516202284 0.0019587192031572487
-0.9943281064068217 0.41802587156884546 0.0019587192031572487
0.41802587156884535 -0.9943281064068228 0.0019587192031572487
-0.4236977651620227 0.41802587156884546 0.0019587192031572487
-0.9943281064068228 -0.42369776516202223 0.0019587192031572487
-0.3180844222518768 -0.7887346274436444 0.011910173521776127
0.10681904969552136 -0.31808442225187666 0.011910173521776127
-0.7887346274436449 0.1068190496955217 0.011910173521776127
0.10681904969552125 -0.7887346274436444 0.011910173521776127
-0.31808442225187683 0.1068190496955217 0.011910173521776127
-0.7887346274436448 -0.31808442225187644 0.011910173521776127
-0.46341310386143164 -0.5891822084345066 0.013505030677435144
0.05259531229593917 -0.4634131038614323 0.013505030677435144
-0.5891822084345065 0.052595312295938945 0.013505030677435144
0.052595312295939334 -0.5891822084345066 0.013505030677435144
-0.46341310386143214 0.052595312295938945 0.013505030677435144
-0.5891822084345069 -0.4634131038614323 0.013505030677435144
-0.36118199294335007 -0.8650427378641479 0.009865349216491794
0.22622473080749822 -0.36118199294335046 0.009865349216491794
-0.8650427378641474 0.22622473080749889 0.009865349216491794
0.226224730807498 -0.8650427378641479 0.009865349216491794
-0.3611819929433504 0.22622473080749889 0.009865349216491794
-0.8650427378641479 -0.3611819929433501 0.009865349216491794
-0.6154090696280954 -0.9701337852740972 0.003999034247288025
0.5855428549021926 -0.6154090696280952 0.003999034247288025
-0.9701337852740968 0.5855428549021937 0.003999034247288025
0.5855428549021926 -0.9701337852740972 0.003999034247288025
-0.6154090696280958 0.5855428549021937 0.003999034247288025
-0.9701337852740974 -0.6154090696280952 0.003999034247288025
-0.6791718931941527 -0.9292294131891146 0.005716339785655032
0.6084013063832674 -0.6791718931941529 0.005716339785655032
-0.9292294131891152 0.6084013063832687 0.005716339785655032
0.6084013063832674 -0.9292294131891146 0.005716339785655032
-0.6791718931941526 0.6084013063832674 0.005716339785655032
-0.929229413189115 -0.6791718931941517 0.005716339785655032
-0.5574930020391566 -0.9274960083322847 0.006514765898898842
0.48498901037144154 -0.5574930020391571 0.006514765898898842
-0.927496008332285 0.4849890103714419 0.006514765898898842
0.4849890103714413 -0.9274960083322847 0.006514765898898842
-0.5574930020391569 0.4849890103714419 0.006514765898898842
-0.927496008332285 -0.557493002039156 0.006514765898898842
-0.45761155186237323 -0.7868006060539255 0.011744563316745006
0.2444121579162984 -0.4576115518623727 0.011744563316745006
-0.7868006060539257 0.2444121579162994 0.011744563316745006
0.24441215791629883 -0.7868006060539255 0.011744563316745006
-0.4576115518623731 0.24441215791629828 0.011744563316745006
-0.7868006060539257 -0.4576115518623727 0.011744563316745006
-0.2153531774004593 -0.8668605846926514 0.010190156895001056
0.08221376209310921 -0.21535317740045842 0.010190156895001056
-0.8668605846926514 0.08221376209311093 0.010190156895001056
0.08221376209311065 -0.8668605846926514 0.010190156895001056
-0.21535317740045942 0.08221376209311093 0.010190156895001056
-0.8668605846926507 -0.21535317740045842 0.010190156895001056
-0.06647788442896974 -0.8670442311420603 0.0102677406504769
-0.06647788442897007 -0.06647788442896979 0.0102677406504769
-0.8670442311420601 -0.06647788442896979 0.0102677406504769
-0.7938090288479382 -0.7938090288479396 0.007939138078719226
0.5876180576958772 -0.7938090288479384 0.007939138078719226
-0.7938090288479389 0.587618057695878 0.007939138078719226
