-0.8055907108248335 -0.7867916548760125 0.3687808309060797 0.1419573788739868
-0.9408610095870402 -0.3415340805147064 -0.3641928795732111 0.1469789765713299
-0.1345795219044631 -0.7923117671780142 -0.2923535215814058 0.2066348213549954
-0.5194466701438546 -0.3911031951310061 -0.7463965481692164 0.2578810827328454
-0.7411772524221796 0.07601440783237157 -0.3396191703250704 0.1015502869940779
-0.7569160173321444 -0.9820174798133283 -0.3870120231406193 0.1059022400907004
-0.09846824781744661 -0.1340930190372888 -0.881086767401132 0.09262662125018054
-0.1614673722409738 -0.8933175209285095 -0.904437128881827 0.07991091352874601
-0.8655534102132334 0.4824577641872457 -0.9296321404528026 0.07385839849543517
0.5050170140193101 -0.8371901631942812 -0.8638012581235871 0.07369782554124915
-0.9190189865448195 -0.6506118826055384 -0.9728785962403946 0.05233478789978666
