-0.8567523903984056 -0.5692613549714407 -0.8677184314001081 0.005760248903305246
0.2937321767696985 -0.8567523903996871 -0.8677184314013501 0.005760248903325907
-0.5692613549698416 0.293732176769087 -0.8677184314014396 0.005760248903365264
-0.5193473480512563 -0.831993762539662 -0.7899269381888594 0.008932868689521617
0.1412680487794378 -0.5193473480562777 -0.7899269381834939 0.008932868689511661
-0.8319937625402691 0.1412680487798826 -0.7899269381852465 0.008932868689476306
-0.97088924747384 0.4440149956816773 -0.5137768383309289 0.002076049498090076
-0.9593489098771847 -0.9708892474731112 -0.5137768383287411 0.002076049498174886
0.4440149956802136 -0.9593489098770825 -0.5137768383292588 0.002076049498042699
-0.9749418803839179 0.09951912644081931 -0.7561187077554273 0.004911437360394774
-0.3684585382998631 -0.9749418803837927 -0.7561187077568811 0.004911437360421686
0.09951912643713334 -0.3684585382974073 -0.7561187077559455 0.004911437360432561
-0.2308758062699288 0.03502705143446264 -0.9741073336963031 0.004632630603019639
-0.8300439114686674 -0.2308758062704557 -0.9741073336962173 0.004632630603023867
0.03502705143586354 -0.8300439114681392 -0.974107333696788 0.004632630602996899
-0.2829109456728378 -0.6644950594364012 -0.3068873474294131 0.01478616415369786
-0.7457066474604837 -0.2829109456709421 -0.3068873474319239 0.01478616415372261
-0.6644950594335102 -0.7457066474618167 -0.306887347432399 0.01478616415358614
-0.5505346489626761 0.3067760377326235 -0.9660147458686634 0.005161692502570882
-0.7902266429023022 -0.5505346489628263 -0.9660147458680034 0.005161692502629615
0.3067760377339515 -0.7902266429009204 -0.9660147458683426 0.005161692502599549
-0.8215286306248031 -0.387190450442079 -0.8143656919989728 0.01140073505154521
0.02308477306581685 -0.8215286306227647 -0.8143656920003849 0.01140073505147237
-0.3871904504425462 0.02308477306517285 -0.8143656919991663 0.01140073505157061
-0.9854112892373914 0.0809595361314535 -0.5092473695541364 0.004040956960491588
-0.5863008773397973 -0.9854112892368967 -0.5092473695566246 0.004040956960533505
0.08095953613083057 -0.5863008773374994 -0.5092473695560799 0.004040956960535981
-0.8052559327293417 -0.3820306143652253 -0.01418225572800657 0.01214382348234667
-0.7985311971756308 -0.8052559327273111 -0.01418225573432501 0.01214382348228026
-0.3820306143645371 -0.7985311971787541 -0.01418225572608982 0.01214382348235585
-0.2019721875456376 -0.981505272764335 0.1658074872242221 0.001340088420032187
-0.9823300269139608 -0.2019721875491939 0.1658074872273402 0.001340088420047176
-0.981505272763592 -0.982330026913827 0.1658074872337371 0.001340088420071599
-0.9569583489308782 0.1665560319844529 -0.2417583830790724 0.002752950520631148
-0.9678392999746168 -0.956958348930984 -0.2417583830712364 0.002752950520621248
0.1665560319874374 -0.9678392999737244 -0.2417583830824184 0.002752950520637116
-0.8623336520822803 0.7979301210771497 -0.9710647567190727 0.001331401247764425
-0.9645317122756909 -0.8623336520833292 -0.9710647567187028 0.001331401247780917
0.7979301210773273 -0.9645317122753843 -0.9710647567195663 0.001331401247756443
-0.9945047520567688 -0.2307085927852068 -0.447088582391632 0.002684423028380163
-0.3276980727669718 -0.9945047520572896 -0.4470885823924011 0.002684423028363545
-0.2307085927903063 -0.3276980727638242 -0.4470885823880192 0.002684423028306822
0.06079556793213503 -0.5452872262449433 -0.9828620661897887 0.005069562772386251
-0.5326462754985429 0.06079556793294854 -0.9828620661897288 0.005069562772383125
-0.5452872262463171 -0.5326462754990521 -0.9828620661896076 0.005069562772402415
-0.05383521084278377 -0.2476363726174116 -0.8552768975909627 0.01094533055932681
-0.8432515189485366 -0.05383521084314244 -0.8552768975906884 0.01094533055925777
-0.2476363726136154 -0.8432515189493913 -0.8552768975901996 0.01094533055915119
0.1044364208690577 -0.298280007108064 -0.9901373495478655 0.00271778025430836
-0.8160190642126887 0.1044364208685466 -0.9901373495471454 0.002717780254386793
-0.2982800071098369 -0.8160190642139123 -0.9901373495460957 0.002717780254453798
0.3225964073564471 -0.9731776707060575 -0.8079743413184145 0.00507903215926139
-0.5414443953322646 0.3225964073566464 -0.8079743413186852 0.005079032159297905
-0.9731776707058488 -0.5414443953300053 -0.8079743413191627 0.005079032159282816
-0.9554207271113229 0.6687677811551757 -0.7514393217564428 0.002316987739291758
-0.961907732287407 -0.9554207271112244 -0.751439321758232 0.002316987739296991
0.6687677811518801 -0.9619077322873879 -0.7514393217532622 0.002316987739314386
-0.9846649841209297 -0.4774806610081035 -0.1391173203618308 0.005266486904775366
-0.3987370345109074 -0.9846649841206344 -0.1391173203605498 0.005266486904824211
-0.4774806610095652 -0.3987370345104631 -0.1391173203594304 0.005266486904782351
-0.567986911308756 -0.8753919064418383 -0.5709767437822296 0.01395506591225305
0.01435556152935313 -0.5679869113075617 -0.5709767437793425 0.01395506591215988
-0.8753919064423815 0.01435556153035759 -0.5709767437801685 0.01395506591221748
-0.2114016862036898 -0.05214829016948568 -0.7709328117426426 0.007232545731546138
-0.965517211884163 -0.211401686199778 -0.7709328117429818 0.007232545731564918
-0.05214829017076161 -0.9655172118841227 -0.7709328117421685 0.007232545731587998
-0.9623380148719575 -0.8406253388768439 0.7638326549330181 0.002098806854227514
-0.9608693011846281 -0.9623380148726017 0.763832654937611 0.002098806854174693
-0.8406253388749146 -0.9608693011840217 0.7638326549308504 0.002098806854244965
-0.9605000973076959 -0.8028459184008299 -0.8482763759340863 0.004095418260649111
0.6116223916452551 -0.9605000973077216 -0.8482763759353786 0.004095418260645928
-0.8028459184018204 0.6116223916439572 -0.8482763759345421 0.004095418260643581
-0.9609541747446682 0.5419800458525614 -0.9796875824148232 0.002013844392669504
-0.601338288692665 -0.9609541747446029 -0.9796875824146811 0.002013844392679474
0.5419800458524396 -0.6013382886931528 -0.9796875824145904 0.002013844392681935
-0.6433130187729085 -0.09470225600927737 -0.5716892714592209 0.02006292561902969
-0.690295453760561 -0.6433130187737914 -0.5716892714564207 0.02006292561903578
-0.09470225601038479 -0.6902954537588261 -0.5716892714580704 0.0200629256190956
-0.9079006849812619 -0.9184813465183521 0.03264553641769556 0.007636349045050327
-0.2062635049164692 -0.9079006849819556 0.03264553641816582 0.007636349044960242
-0.9184813465187585 -0.2062635049177409 0.03264553641853452 0.007636349045015128
-0.891777477382067 -0.5886734938916006 -0.5877709654590555 0.01339120189395926
0.06822193673149518 -0.8917774773814241 -0.5877709654604684 0.01339120189406735
-0.5886734938918742 0.06822193673246274 -0.5877709654585925 0.01339120189406359
0.3004201958278953 -0.5529337075266429 -0.9471568116500156 0.00728131905505456
-0.8003296766514032 0.3004201958305422 -0.9471568116501859 0.007281319054993126
-0.5529337075291527 -0.8003296766508913 -0.9471568116504013 0.007281319054909178
-0.8457093705404592 -0.8572698174958019 0.3165057593730721 0.009799335256329174
-0.6135265713434931 -0.8457093705411738 0.3165057593814518 0.009799335256279068
-0.8572698174976345 -0.6135265713416332 0.3165057593799808 0.009799335256278756
-0.9611864986280678 0.4123065091803993 -0.8491267504154897 0.005441700720819048
-0.6019932601376445 -0.9611864986280265 -0.8491267504155167 0.005441700720816445
0.4123065091794484 -0.6019932601368024 -0.8491267504146484 0.005441700720874287
-0.8118099987139181 0.5755357972487538 -0.9613784230132564 0.004832027392359754
-0.8023473755211946 -0.8118099987142104 -0.9613784230132503 0.004832027392367504
0.5755357972483064 -0.8023473755205793 -0.9613784230132515 0.004832027392366725
-0.5921536175986672 0.5231101115219017 -0.9711989251592792 0.002623461512808828
-0.9597575687639388 -0.5921536175995284 -0.9711989251593954 0.002623461512803496
0.5231101115221592 -0.9597575687639093 -0.9711989251594052 0.002623461512803666
-0.907248444765978 -0.2994770969640125 -0.5175225692848496 0.01530232186139422
-0.2757518889867298 -0.9072484447659134 -0.5175225692843031 0.01530232186146323
-0.2994770969636996 -0.2757518889843976 -0.5175225692851813 0.01530232186140285
-0.9233890657799098 -0.6779908687730015 -0.227262368653659 0.01282421163940996
-0.171357696792422 -0.923389065780416 -0.2272623686539199 0.01282421163935871
-0.677990868772254 -0.1713576967945722 -0.2272623686533577 0.01282421163937585
-0.4296978649684834 -0.8059174914816 -0.2720298208326884 0.01960238059385918
-0.4923548227148208 -0.4296978649692322 -0.2720298208350962 0.01960238059391476
-0.8059174914812959 -0.4923548227152427 -0.2720298208332738 0.01960238059397033
-0.7971189807552446 -0.96245160250524 -0.6313900937014346 0.006461243759462255
0.3909606769611357 -0.7971189807552889 -0.6313900937008885 0.006461243759546613
-0.9624516025049893 0.3909606769611551 -0.6313900937012632 0.006461243759527889
0.3513898553375933 -0.9635359245662355 -0.5794310362105732 0.006574681086137261
-0.8084228945618219 0.351389855338883 -0.5794310362107408 0.006574681086085161
-0.9635359245664378 -0.8084228945607992 -0.5794310362108394 0.006574681086080777
-0.4129022988444945 -0.9835803988600608 0.2012427029337757 0.004619145926356675
-0.8047600052292334 -0.4129022988459328 0.2012427029353985 0.004619145926334005
-0.9835803988600644 -0.8047600052299576 0.2012427029338565 0.004619145926347737
0.007089094525142836 -0.5846458394339499 -0.8418369626352739 0.01763943232158074
-0.5806062924564268 0.007089094525170301 -0.841836962635514 0.01763943232157565
-0.5846458394348144 -0.5806062924561546 -0.8418369626340907 0.017639432321668
-0.2353981070162651 0.1566894708543362 -0.9548891517575461 0.003780109952877586
-0.9664022120806307 -0.2353981070165389 -0.9548891517576674 0.003780109952860304
0.1566894708545493 -0.9664022120805861 -0.9548891517574666 0.00378010995287743
-0.9613552545036474 0.6958108951988492 -0.8872322911059731 0.003494590792272496
-0.8472233495894415 -0.9613552545036335 -0.8872322911052897 0.003494590792242062
0.6958108952006254 -0.8472233495900786 -0.8872322911067605 0.003494590792284955
-0.7770896833229748 -0.7690278404605405 0.5255128185486104 0.004191790076637949
-0.9793952947663495 -0.7770896833226055 0.5255128185486962 0.004191790076513669
-0.7690278404598587 -0.9793952947658595 0.525512818548041 0.004191790076570661
-0.6449042333727806 -0.9410792865416145 -0.1939516984007722 0.01217415884392229
-0.2200647816871924 -0.6449042333713296 -0.1939516983998096 0.01217415884388092
-0.9410792865416311 -0.2200647816864869 -0.1939516983993527 0.01217415884391409
-0.9235556209423426 -0.6089556124842277 0.1257104144430931 0.01239994032767912
-0.5931991810169928 -0.9235556209417903 0.1257104144429155 0.01239994032767527
-0.6089556124846054 -0.5931991810168001 0.125710414442907 0.01239994032768865
-0.9650342420780641 0.1603915248026716 -0.9539085457686952 0.004107419260796995
-0.2414487369555117 -0.9650342420782032 -0.9539085457687393 0.004107419260774156
0.1603915248028213 -0.2414487369559702 -0.9539085457687344 0.004107419260786402
-0.991779737177503 -0.8175856314282485 -0.2020190142730135 0.003036323024481493
0.01138438287833665 -0.991779737176965 -0.2020190142699284 0.003036323024512676
-0.8175856314288508 0.01138438287667271 -0.2020190142710576 0.00303632302454963
0.9053183821168509 -0.9904223104714035 -0.9334007793387324 0.0004083230290834426
-0.9814952923071467 0.905318382118054 -0.9334007793395176 0.0004083230290736294
-0.9904223104721384 -0.981495292307871 -0.9334007793399144 0.000408323029055478
-0.2160132996322185 -0.2280396216249042 -0.9387834349447086 0.01259565293606579
-0.6171636437984326 -0.2160132996332857 -0.9387834349445531 0.0125956529360655
-0.2280396216261566 -0.617163643798016 -0.9387834349447184 0.01259565293608775
-0.8641058019347291 0.09587125237040388 -0.3927728152701174 0.01343412553142802
-0.8389926351662793 -0.8641058019354902 -0.3927728152699886 0.01343412553139516
0.09587125236990479 -0.8389926351650465 -0.3927728152709291 0.01343412553145283
-0.3354078332290266 -0.6923879278393541 -0.671134580445972 0.02386756526414244
-0.3010696584863675 -0.335407833228502 -0.6711345804455909 0.02386756526415389
-0.6923879278393141 -0.3010696584868394 -0.6711345804457723 0.02386756526415474
-0.7969656816595116 0.3602938355270157 -0.7674550237911505 0.013411426970547
-0.795873130076312 -0.7969656816600446 -0.7674550237908994 0.01341142697054657
0.3602938355273282 -0.79587313007669 -0.7674550237914602 0.01341142697055977
-0.7919304509816861 -0.9887971646102336 0.2058826639314879 0.004126697319202638
-0.4251550483406301 -0.7919304509810771 0.2058826639322951 0.004126697319174226
-0.9887971646106728 -0.4251550483392493 0.2058826639318492 0.004126697319148968
-0.5741149257080889 -0.9558614116826613 0.4874148421139309 0.003824606804156529
-0.9574385047232588 -0.5741149257106475 0.4874148421164918 0.00382460680414861
-0.9558614116822212 -0.9574385047228751 0.4874148421202836 0.003824606804194656
-0.9734489361183414 0.8465999303149507 -0.9959798827017677 0.0005154031158903058
-0.8771711114944296 -0.9734489361185846 -0.99597988270038 0.0005154031159091445
0.8465999303170888 -0.8771711114950046 -0.995979882703225 0.0005154031158631514
-0.8319822467713663 -0.9935203813408606 -0.2274076994581263 0.003008884311995279
0.05291032756854286 -0.8319822467700391 -0.2274076994588807 0.003008884312101373
-0.993520381340126 0.05291032756969321 -0.227407699457558 0.003008884312053671
-0.5301187750231947 0.03128792709372 -0.5050174432265367 0.00347555007436889
-0.9961517088434865 -0.5301187750200478 -0.5050174432283195 0.003475550074426674
0.0312879270907836 -0.9961517088435394 -0.5050174432250477 0.003475550074439501
-0.3941637613412473 -0.3941637613413972 -0.8175087159753147 0.01985270760196321
-0.9862845926370784 -0.9862845926380797 0.9588537779156814 0.0001768406287405761
-0.6682249594899097 -0.6682249594898159 0.004674878470335996 0.02162569384673415
-0.8443681536636523 -0.844368153662348 0.533104460983757 0.006346297860541655
-0.3365520947720209 -0.336552094769997 -0.9903437156880256 0.003834603804842547
-0.5135579361166598 -0.5135579361169699 -0.4593261916505825 0.02542527774527082
