-0.0064274166866800 -0.0064274166866800 0.0094119779903820
-0.9871451666266410 -0.0064274166866800 0.0094119779903820
-0.0064274166866800 -0.9871451666266410 0.0094119779903820
-0.0373712383816850 -0.0373712383816850 0.0235512297112830
-0.9252575232366290 -0.0373712383816850 0.0235512297112830
-0.0373712383816850 -0.9252575232366290 0.0235512297112830
-0.1019726413082250 -0.1019726413082250 0.0413539619375120
-0.7960547173835510 -0.1019726413082250 0.0413539619375120
-0.1019726413082250 -0.7960547173835510 0.0413539619375120
-0.4054691255776210 -0.4054691255776210 0.0459475201027070
-0.1890617488447580 -0.4054691255776210 0.0459475201027070
-0.4054691255776210 -0.1890617488447580 0.0459475201027070
-0.5562826207579320 -0.5562826207579320 0.0477242735236320
0.1125652415158650 -0.5562826207579320 0.0477242735236320
-0.5562826207579320 0.1125652415158650 0.0477242735236320
-0.7874908891497741 -0.7874908891497741 0.0199068245030990
0.5749817782995480 -0.7874908891497741 0.0199068245030990
-0.7874908891497741 0.5749817782995480 0.0199068245030990
-0.8927130387132171 -0.8927130387132171 0.0142879940549330
0.7854260774264340 -0.8927130387132171 0.0142879940549330
-0.8927130387132171 0.7854260774264340 0.0142879940549330
-0.9750959020087500 0.9565813604649130 0.0015387845656040
0.9565813604649130 -0.9750959020087500 0.0015387845656040
-0.9814854584561630 0.9565813604649130 0.0015387845656040
0.9565813604649130 -0.9814854584561630 0.0015387845656040
-0.9814854584561630 -0.9750959020087500 0.0015387845656040
-0.9750959020087500 -0.9814854584561630 0.0015387845656040
-0.7341903634927670 0.7187591509237540 0.0072577207309410
0.7187591509237540 -0.7341903634927670 0.0072577207309410
-0.9845687874309880 0.7187591509237540 0.0072577207309410
0.7187591509237540 -0.9845687874309880 0.0072577207309410
-0.9845687874309880 -0.7341903634927670 0.0072577207309410
-0.7341903634927670 -0.9845687874309880 0.0072577207309410
-0.2799096454482070 0.2600661278581940 0.0133033608251190
0.2600661278581940 -0.2799096454482070 0.0133033608251190
-0.9801564824099870 0.2600661278581940 0.0133033608251190
0.2600661278581940 -0.9801564824099870 0.0133033608251190
-0.9801564824099870 -0.2799096454482070 0.0133033608251190
-0.2799096454482070 -0.9801564824099870 0.0133033608251190
-0.5276263838290460 0.5082139942864340 0.0114134970630520
0.5082139942864340 -0.5276263838290460 0.0114134970630520
-0.9805876104573880 0.5082139942864340 0.0114134970630520
0.5082139942864340 -0.9805876104573880 0.0114134970630520
-0.9805876104573880 -0.5276263838290460 0.0114134970630520
-0.5276263838290460 -0.9805876104573880 0.0114134970630520
-0.8879458854347660 0.8670940846906730 0.0065525212916550
0.8670940846906730 -0.8879458854347660 0.0065525212916550
-0.9791481992559070 0.8670940846906730 0.0065525212916550
0.8670940846906730 -0.9791481992559070 0.0065525212916550
-0.9791481992559070 -0.8879458854347660 0.0065525212916550
-0.8879458854347660 -0.9791481992559070 0.0065525212916550
-0.7381544000213900 0.6551496436791980 0.0174323811356460
0.6551496436791980 -0.7381544000213900 0.0174323811356460
-0.9169952436578070 0.6551496436791980 0.0174323811356460
0.6551496436791980 -0.9169952436578070 0.0174323811356460
-0.9169952436578070 -0.7381544000213900 0.0174323811356460
-0.7381544000213900 -0.9169952436578070 0.0174323811356460
-0.2968403553845310 0.1943934995861840 0.0274026094994620
0.1943934995861840 -0.2968403553845310 0.0274026094994620
-0.8975531442016520 0.1943934995861840 0.0274026094994620
0.1943934995861840 -0.8975531442016520 0.0274026094994620
-0.8975531442016520 -0.2968403553845310 0.0274026094994620
-0.2968403553845310 -0.8975531442016520 0.0274026094994620
-0.5316326418251880 0.4310356546356830 0.0250141738537940
0.4310356546356830 -0.5316326418251880 0.0250141738537940
-0.8994030128104959 0.4310356546356830 0.0250141738537940
0.4310356546356830 -0.8994030128104959 0.0250141738537940
-0.8994030128104959 -0.5316326418251880 0.0250141738537940
-0.5316326418251880 -0.8994030128104959 0.0250141738537940
-0.6821305253635370 0.5002234074692180 0.0086901125088940
0.5002234074692180 -0.6821305253635370 0.0086901125088940
-0.8180928821056810 0.5002234074692180 0.0086901125088940
0.5002234074692180 -0.8180928821056810 0.0086901125088940
-0.8180928821056810 -0.6821305253635370 0.0086901125088940
-0.6821305253635370 -0.8180928821056810 0.0086901125088940
-0.3762704504718650 0.1382075739875440 0.0373863692434160
0.1382075739875440 -0.3762704504718650 0.0373863692434160
-0.7619371235156780 0.1382075739875440 0.0373863692434160
0.1382075739875440 -0.7619371235156780 0.0373863692434160
-0.7619371235156780 -0.3762704504718650 0.0373863692434160
-0.3762704504718650 -0.7619371235156780 0.0373863692434160
-0.5907190810050380 0.3393753319437430 0.0325096110849210
0.3393753319437430 -0.5907190810050380 0.0325096110849210
-0.7486562509387050 0.3393753319437430 0.0325096110849210
0.3393753319437430 -0.7486562509387050 0.0325096110849210
-0.7486562509387050 -0.5907190810050380 0.0325096110849210
-0.5907190810050380 -0.7486562509387050 0.0325096110849210
-0.3055270332620630 -0.0815902226209260 0.0437403006190540
-0.0815902226209260 -0.3055270332620630 0.0437403006190540
-0.6128827441170110 -0.0815902226209260 0.0437403006190540
-0.0815902226209260 -0.6128827441170110 0.0437403006190540
-0.6128827441170110 -0.3055270332620630 0.0437403006190540
-0.3055270332620630 -0.6128827441170110 0.0437403006190540