-0.4872882732304178 -0.4872882732304183 0.006657390349426455
-0.02542345353916381 -0.4872882732304183 0.006657390349426455
-0.48728827323041823 -0.025423453539163365 0.006657390349426455
-0.11335382628331517 -0.9981550877878596 0.0006946563189849545
0.11150891407117502 -0.113353826283316 0.0006946563189849545
-0.9981550877878587 0.11150891407117564 0.0006946563189849545
0.11150891407117486 -0.9981550877878596 0.0006946563189849545
-0.1133538262833158 0.11150891407117564 0.0006946563189849545
-0.9981550877878596 -0.11335382628331483 0.0006946563189849545
-0.9481262122484191 -0.9551240174753739 0.000600100203819816
0.9032502297237939 -0.9481262122484195 0.000600100203819816
-0.9551240174753748 0.9032502297237959 0.000600100203819816
0.903250229723793 -0.9551240174753739 0.000600100203819816
-0.9481262122484202 0.9032502297237959 0.000600100203819816
-0.9551240174753748 -0.9481262122484184 0.000600100203819816
-0.5197117894734611 -0.5544185434125338 0.005460804118459578
0.0741303328859953 -0.5197117894734606 0.005460804118459578
-0.5544185434125343 0.07413033288599563 0.005460804118459578
0.07413033288599491 -0.5544185434125338 0.005460804118459578
-0.5197117894734609 0.07413033288599563 0.005460804118459578
-0.5544185434125346 -0.5197117894734606 0.005460804118459578
-0.7308947639467145 -0.9537595720595071 0.0022659429035692467
0.6846543360062216 -0.7308947639467152 0.0022659429035692467
-0.9537595720595076 0.6846543360062234 0.0022659429035692467
0.6846543360062216 -0.9537595720595071 0.0022659429035692467
-0.7308947639467147 0.6846543360062234 0.0022659429035692467
-0.953759572059508 -0.730894763946714 0.0022659429035692467
-0.9099288550653368 -0.9982864404099823 0.0002730436819934103
0.9082152954753198 -0.9099288550653375 0.0002730436819934103
-0.998286440409982 0.9082152954753202 0.0002730436819934103
0.9082152954753193 -0.9982864404099823 0.0002730436819934103
-0.9099288550653373 0.9082152954753202 0.0002730436819934103
-0.9982864404099827 -0.9099288550653364 0.0002730436819934103
-0.1825708668644561 -0.9903827246782557 0.0015387521335686425
0.17295359154271223 -0.1825708668644564 0.0015387521335686425
-0.9903827246782566 0.17295359154271334 0.0015387521335686425
0.1729535915427119 -0.9903827246782557 0.0015387521335686425
-0.18257086686445606 0.17295359154271223 0.0015387521335686425
-0.9903827246782564 -0.18257086686445523 0.0015387521335686425
-0.6570730845200332 -0.9530139752811235 0.0025939463892242763
0.610087059801157 -0.6570730845200339 0.0025939463892242763
-0.9530139752811226 0.6100870598011574 0.0025939463892242763
0.6100870598011567 -0.9530139752811235 0.0025939463892242763
-0.6570730845200337 0.6100870598011574 0.0025939463892242763
-0.9530139752811237 -0.6570730845200327 0.0025939463892242763
-0.9967388437157068 -0.9967388437157085 7.318644849273957e-05
0.9934776874314157 -0.9967388437157074 7.318644849273957e-05
-0.996738843715711 0.9934776874314217 7.318644849273957e-05
-0.5797881505899336 -0.8132067057412727 0.005611710324220868
0.3929948563312066 -0.5797881505899333 0.005611710324220868
-0.8132067057412726 0.3929948563312072 0.005611710324220868
0.3929948563312064 -0.8132067057412727 0.005611710324220868
-0.5797881505899336 0.3929948563312072 0.005611710324220868
-0.8132067057412733 -0.5797881505899333 0.005611710324220868
-0.72140635976283 -0.9164067266977041 0.0034176484459868144
0.637813086460534 -0.72140635976283 0.0034176484459868144
-0.9164067266977036 0.6378130864605343 0.0034176484459868144
0.637813086460534 -0.9164067266977041 0.0034176484459868144
-0.72140635976283 0.6378130864605343 0.0034176484459868144
-0.9164067266977045 -0.7214063597628289 0.0034176484459868144
-0.8592358921744814 -0.901285376214277 0.0029670538864373574
0.760521268388759 -0.8592358921744818 0.0029670538864373574
-0.9012853762142774 0.7605212683887599 0.0029670538864373574
0.7605212683887597 -0.901285376214277 0.0029670538864373574
-0.8592358921744818 0.7605212683887599 0.0029670538864373574
-0.9012853762142776 -0.8592358921744805 0.0029670538864373574
-0.019346261503097484 -0.961307476993805 0.003302792714558273
-0.01934626150309754 -0.019346261503096873 0.003302792714558273
-0.9613074769938055 -0.019346261503096873 0.003302792714558273
-0.2547870236870122 -0.6943717859756775 0.008508388866481208
-0.05084119033731016 -0.2547870236870116 0.008508388866481208
-0.6943717859756783 -0.05084119033730938 0.008508388866481208
-0.050841190337310216 -0.6943717859756775 0.008508388866481208
-0.2547870236870123 -0.05084119033730938 0.008508388866481208
-0.6943717859756783 -0.2547870236870114 0.008508388866481208
-0.7041685654447116 -0.8697691401387568 0.0043955991734367554
0.5739377055834691 -0.7041685654447123 0.0043955991734367554
-0.8697691401387571 0.5739377055834693 0.0043955991734367554
0.5739377055834685 -0.8697691401387568 0.0043955991734367554
-0.7041685654447118 0.5739377055834693 0.0043955991734367554
-0.8697691401387573 -0.7041685654447112 0.0043955991734367554
-0.571950712836713 -0.953075713647958 0.00309716389578328
0.5250264264846716 -0.571950712836713 0.00309716389578328
-0.9530757136479586 0.5250264264846711 0.00309716389578328
0.5250264264846711 -0.953075713647958 0.00309716389578328
-0.5719507128367125 0.5250264264846711 0.00309716389578328
-0.9530757136479591 -0.5719507128367118 0.00309716389578328
-0.33946519388371177 -0.8959354435311784 0.005206561060307146
0.23540063741488998 -0.33946519388371194 0.005206561060307146
-0.8959354435311784 0.23540063741489098 0.005206561060307146
0.2354006374148902 -0.8959354435311784 0.005206561060307146
-0.33946519388371243 0.23540063741489098 0.005206561060307146
-0.8959354435311782 -0.33946519388371155 0.005206561060307146
-0.2600302729111925 -0.9970109617889349 0.0009323405282065094
0.257041234700127 -0.2600302729111919 0.0009323405282065094
-0.9970109617889351 0.25704123470012824 0.0009323405282065094
0.2570412347001276 -0.9970109617889349 0.0009323405282065094
-0.2600302729111921 0.25704123470012824 0.0009323405282065094
-0.9970109617889353 -0.26003027291119135 0.0009323405282065094
-0.8649768619133276 -0.9759125061304148 0.001315154312747027
0.8408893680437435 -0.8649768619133285 0.001315154312747027
-0.9759125061304166 0.8408893680437468 0.001315154312747027
0.8408893680437426 -0.9759125061304148 0.001315154312747027
-0.8649768619133296 0.8408893680437468 0.001315154312747027
-0.9759125061304152 -0.8649768619133273 0.001315154312747027
-0.12580231763980654 -0.8866304289130775 0.005572930818998745
0.012432746552884455 -0.12580231763980676 0.005572930818998745
-0.8866304289130771 0.012432746552884233 0.005572930818998745
0.012432746552883955 -0.8866304289130775 0.005572930818998745
-0.1258023176398061 0.012432746552884233 0.005572930818998745
-0.8866304289130782 -0.12580231763980557 0.005572930818998745
-0.15482566298495873 -0.6903486740300824 0.008518193356382943
-0.15482566298495887 -0.1548256629849582 0.008518193356382943
-0.6903486740300828 -0.1548256629849582 0.008518193356382943
-0.17097555768442924 -0.7702797159103689 0.008259313906283377
-0.058744726405201675 -0.1709755576844286 0.008259313906283377
-0.7702797159103694 -0.058744726405201286 0.008259313906283377
-0.05874472640520173 -0.7702797159103689 0.008259313906283377
-0.17097555768442935 -0.058744726405201286 0.008259313906283377
-0.7702797159103687 -0.1709755576844286 0.008259313906283377
-0.2752389754621448 -0.9374703276265823 0.004308565834654927
0.21270930308872754 -0.27523897546214493 0.004308565834654927
-0.9374703276265819 0.21270930308872799 0.004308565834654927
0.2127093030887272 -0.9374703276265823 0.004308565834654927
-0.275238975462145 0.21270930308872799 0.004308565834654927
-0.9374703276265828 -0.2752389754621445 0.004308565834654927
-0.3754974289775926 -0.7955067197089167 0.006951904403342183
0.17100414868650943 -0.3754974289775928 0.006951904403342183
-0.7955067197089171 0.1710041486865102 0.006951904403342183
0.17100414868650943 -0.7955067197089167 0.006951904403342183
-0.3754974289775931 0.1710041486865102 0.006951904403342183
-0.7955067197089167 -0.3754974289775926 0.006951904403342183
-0.038848647131939806 -0.9223027057361204 0.004848559914819788
-0.03884864713194036 -0.038848647131939196 0.004848559914819788
-0.9223027057361204 -0.038848647131939196 0.004848559914819788
-0.21462135659262407 -0.9033013962538539 0.005413228508794187
0.11792275284647785 -0.2146213565926236 0.005413228508794187
-0.9033013962538543 0.11792275284647857 0.005413228508794187
0.11792275284647796 -0.9033013962538539 0.005413228508794187
-0.21462135659262424 0.11792275284647857 0.005413228508794187
-0.9033013962538541 -0.2146213565926236 0.005413228508794187
-0.9478722916754232 -0.9800408461407153 0.0007715585739642544
0.9279131378161394 -0.9478722916754247 0.0007715585739642544
-0.9800408461407146 0.9279131378161392 0.0007715585739642544
0.9279131378161387 -0.9800408461407153 0.0007715585739642544
-0.9478722916754239 0.9279131378161392 0.0007715585739642544
-0.9800408461407151 -0.9478722916754236 0.0007715585739642544
-0.2032180083100893 -0.8321741184601434 0.006879332858451239
0.03539212677023229 -0.20321800831008854 0.006879332858451239
-0.8321741184601436 0.03539212677023312 0.006879332858451239
0.035392126770232735 -0.8321741184601434 0.006879332858451239
-0.20321800831008952 0.03539212677023312 0.006879332858451239
-0.8321741184601437 -0.20321800831008854 0.006879332858451239
-0.9082392173581699 -0.9865437365974321 0.0008760538741807422
0.8947829539556023 -0.9082392173581704 0.0008760538741807422
-0.9865437365974337 0.8947829539556069 0.0008760538741807422
0.894782953955602 -0.9865437365974321 0.0008760538741807422
-0.9082392173581724 0.8947829539556069 0.0008760538741807422
-0.9865437365974323 -0.908239217358169 0.0008760538741807422
-0.49780338426966664 -0.6453839503352626 0.008812029055620537
0.14318733460492922 -0.49780338426966636 0.008812029055620537
-0.6453839503352634 0.14318733460493016 0.008812029055620537
0.14318733460492933 -0.6453839503352626 0.008812029055620537
-0.49780338426966647 0.14318733460493016 0.008812029055620537
-0.6453839503352627 -0.49780338426966636 0.008812029055620537
-0.6337261321307774 -0.9146318245298288 0.004035001616910756
0.5483579566606067 -0.6337261321307772 0.004035001616910756
-0.9146318245298286 0.5483579566606074 0.004035001616910756
0.5483579566606065 -0.9146318245298288 0.004035001616910756
-0.6337261321307777 0.5483579566606074 0.004035001616910756
-0.9146318245298293 -0.6337261321307772 0.004035001616910756
-0.29190739344327477 -0.8512144639199244 0.006476557209099314
0.1431218573631986 -0.29190739344327515 0.006476557209099314
-0.851214463919924 0.1431218573632001 0.006476557209099314
0.1431218573631992 -0.8512144639199244 0.006476557209099314
-0.29190739344327604 0.1431218573632001 0.006476557209099314
-0.8512144639199235 -0.29190739344327493 0.006476557209099314
-0.40157802577966545 -0.512862104405927 0.00933242159838795
-0.08555986981440725 -0.40157802577966545 0.00933242159838795
-0.5128621044059273 -0.08555986981440702 0.00933242159838795
-0.08555986981440744 -0.512862104405927 0.00933242159838795
-0.40157802577966556 -0.08555986981440702 0.00933242159838795
-0.5128621044059273 -0.40157802577966534 0.00933242159838795
-0.418321534029177 -0.8472168605080239 0.0063184516355097526
0.26553839453720124 -0.4183215340291765 0.0063184516355097526
-0.8472168605080246 0.26553839453720113 0.0063184516355097526
0.265538394537201 -0.8472168605080239 0.0063184516355097526
-0.41832153402917654 0.26553839453720113 0.0063184516355097526
-0.8472168605080248 -0.41832153402917627 0.0063184516355097526
-0.6277077362933862 -0.7515508206622277 0.006947169036892493
0.3792585569556142 -0.6277077362933864 0.006947169036892493
-0.7515508206622277 0.3792585569556141 0.006947169036892493
0.3792585569556139 -0.7515508206622277 0.006947169036892493
-0.627707736293386 0.3792585569556141 0.006947169036892493
-0.7515508206622283 -0.6277077362933852 0.006947169036892493
-0.7327456500575504 -0.9804419832588691 0.0017907857608195918
0.7131876333164198 -0.7327456500575513 0.0017907857608195918
-0.9804419832588693 0.7131876333164207 0.0017907857608195918
0.7131876333164195 -0.9804419832588691 0.0017907857608195918
-0.7327456500575513 0.7131876333164207 0.0017907857608195918
-0.9804419832588698 -0.7327456500575502 0.0017907857608195918
-0.8620473297035769 -0.9441135959036719 0.002160956967250754
0.8061609256072482 -0.8620473297035764 0.002160956967250754
-0.9441135959036719 0.8061609256072497 0.002160956967250754
0.8061609256072491 -0.9441135959036719 0.002160956967250754
-0.8620473297035771 0.8061609256072497 0.002160956967250754
-0.9441135959036717 -0.8620473297035764 0.002160956967250754
-0.47701796146038394 -0.9503834629782961 0.0036259488982198895
0.42740142443868007 -0.477017961460384 0.0036259488982198895
-0.9503834629782966 0.4274014244386813 0.0036259488982198895
0.42740142443868007 -0.9503834629782961 0.0036259488982198895
-0.477017961460384 0.42740142443868007 0.0036259488982198895
-0.9503834629782966 -0.4770179614603829 0.0036259488982198895
-0.9120410878817657 -0.9577479991442324 0.0015303142609726685
0.8697890870259986 -0.9120410878817669 0.0015303142609726685
-0.957747999144231 0.869789087025997 0.0015303142609726685
0.8697890870259983 -0.9577479991442324 0.0015303142609726685
-0.9120410878817653 0.869789087025997 0.0015303142609726685
-0.957747999144233 -0.9120410878817657 0.0015303142609726685
-0.5060855365853785 -0.863700259491909 0.005715363408558084
0.3697857960772884 -0.5060855365853787 0.005715363408558084
-0.8637002594919094 0.36978579607728884 0.005715363408558084
0.3697857960772875 -0.863700259491909 0.005715363408558084
-0.5060855365853784 0.36978579607728884 0.005715363408558084
-0.8637002594919101 -0.5060855365853776 0.005715363408558084
-0.6167853940403176 -0.8624093861991304 0.005311624181103388
0.47919478023944867 -0.6167853940403173 0.005311624181103388
-0.8624093861991304 0.479194780239449 0.005311624181103388
0.4791947802394482 -0.8624093861991304 0.005311624181103388
-0.6167853940403174 0.479194780239449 0.005311624181103388
-0.8624093861991313 -0.6167853940403173 0.005311624181103388
-0.36520803538293717 -0.6872930457599575 0.008954875242212912
0.0525010811428947 -0.36520803538293733 0.008954875242212912
-0.6872930457599574 0.05250108114289492 0.008954875242212912
0.05250108114289481 -0.6872930457599575 0.008954875242212912
-0.36520803538293745 0.05250108114289492 0.008954875242212912
-0.6872930457599573 -0.3652080353829371 0.008954875242212912
-0.21232138740031478 -0.9684224577286504 0.003307034522546869
0.1807438451289654 -0.2123213874003148 0.003307034522546869
-0.9684224577286507 0.1807438451289653 0.003307034522546869
0.18074384512896519 -0.9684224577286504 0.003307034522546869
-0.21232138740031464 0.1807438451289653 0.003307034522546869
-0.9684224577286511 -0.21232138740031364 0.003307034522546869
-0.36371066357442833 -0.9531071840655392 0.003889979271429086
0.3168178476399682 -0.3637106635744284 0.003889979271429086
-0.9531071840655396 0.3168178476399693 0.003889979271429086
0.3168178476399676 -0.9531071840655392 0.003889979271429086
-0.36371066357442805 0.3168178476399682 0.003889979271429086
-0.9531071840655398 -0.36371066357442805 0.003889979271429086
-0.4392710248840058 -0.7281403730572282 0.008109035161435074
0.1674113979412341 -0.4392710248840062 0.008109035161435074
-0.7281403730572273 0.16741139794123477 0.008109035161435074
0.1674113979412341 -0.7281403730572282 0.008109035161435074
-0.4392710248840064 0.16741139794123477 0.008109035161435074
-0.728140373057228 -0.4392710248840059 0.008109035161435074
-0.5400485398316871 -0.9106088059739157 0.00469439401973587
0.4506573458056023 -0.5400485398316865 0.00469439401973587
-0.9106088059739157 0.4506573458056036 0.00469439401973587
0.45065734580560285 -0.9106088059739157 0.00469439401973587
-0.5400485398316868 0.4506573458056036 0.00469439401973587
-0.9106088059739157 -0.5400485398316865 0.00469439401973587
-0.3010237499257297 -0.507887498621681 0.010839593363783066
-0.19108875145258916 -0.3010237499257296 0.010839593363783066
-0.5078874986216814 -0.19108875145258927 0.010839593363783066
-0.19108875145258913 -0.507887498621681 0.010839593363783066
-0.30102374992572933 -0.19108875145258927 0.010839593363783066
-0.5078874986216811 -0.3010237499257296 0.010839593363783066
-0.8071832841875546 -0.9784730545245668 0.0016428382311123434
0.7856563387121218 -0.8071832841875554 0.0016428382311123434
-0.9784730545245663 0.7856563387121223 0.0016428382311123434
0.7856563387121214 -0.9784730545245668 0.0016428382311123434
-0.8071832841875552 0.7856563387121223 0.0016428382311123434
-0.9784730545245668 -0.8071832841875543 0.0016428382311123434
-0.7993239840668002 -0.9464044605480617 0.002666246149563934
0.7457284446148618 -0.7993239840668014 0.002666246149563934
-0.9464044605480608 0.7457284446148622 0.002666246149563934
0.745728444614862 -0.9464044605480617 0.002666246149563934
-0.7993239840668005 0.7457284446148622 0.002666246149563934
-0.9464044605480617 -0.7993239840668003 0.002666246149563934
-0.4211243138320424 -0.6001966867209211 0.009345204607681365
0.021321000552964042 -0.4211243138320421 0.009345204607681365
-0.6001966867209216 0.02132100055296432 0.009345204607681365
0.021321000552963543 -0.6001966867209211 0.009345204607681365
-0.4211243138320424 0.02132100055296432 0.009345204607681365
-0.6001966867209221 -0.4211243138320418 0.009345204607681365
-0.0808264563511763 -0.8383470872976473 0.007165422422124212
-0.08082645635117575 -0.08082645635117636 0.007165422422124212
-0.8383470872976484 -0.08082645635117525 0.007165422422124212
-0.6427670920898156 -0.9806804143047907 0.0020946984887020544
0.6234475063946063 -0.6427670920898166 0.0020946984887020544
-0.9806804143047907 0.6234475063946074 0.0020946984887020544
0.6234475063946063 -0.9806804143047907 0.0020946984887020544
-0.6427670920898167 0.6234475063946074 0.0020946984887020544
-0.9806804143047902 -0.6427670920898154 0.0020946984887020544
-0.7733335317298511 -0.7733335317298518 0.005559197600889325
0.5466670634597024 -0.7733335317298506 0.005559197600889325
-0.7733335317298518 0.5466670634597037 0.005559197600889325
-0.42769215473749633 -0.9127674219487554 0.005114025641788271
0.340459576686251 -0.427692154737496 0.005114025641788271
-0.9127674219487547 0.34045957668625165 0.005114025641788271
0.34045957668625165 -0.9127674219487554 0.005114025641788271
-0.4276921547374958 0.34045957668625165 0.005114025641788271
-0.9127674219487552 -0.42769215473749544 0.005114025641788271
-0.5413422080782044 -0.980732408900461 0.0023075318562628963
0.5220746169786654 -0.5413422080782048 0.0023075318562628963
-0.9807324089004608 0.5220746169786659 0.0023075318562628963
0.5220746169786656 -0.980732408900461 0.0023075318562628963
-0.5413422080782039 0.5220746169786659 0.0023075318562628963
-0.9807324089004621 -0.5413422080782037 0.0023075318562628963
-0.29157420766705666 -0.7670859956964946 0.008447515166178116
0.05866020336355132 -0.2915742076670566 0.008447515166178116
-0.7670859956964955 0.058660203363552876 0.008447515166178116
0.05866020336355132 -0.7670859956964946 0.008447515166178116
-0.2915742076670569 0.058660203363551766 0.008447515166178116
-0.7670859956964948 -0.2915742076670563 0.008447515166178116
-0.3101110169100296 -0.9810462457017908 0.0026748350290061946
0.2911572626118207 -0.3101110169100291 0.0026748350290061946
-0.9810462457017914 0.2911572626118211 0.0026748350290061946
0.29115726261182034 -0.9810462457017908 0.0026748350290061946
-0.3101110169100295 0.2911572626118211 0.0026748350290061946
-0.9810462457017917 -0.31011101691002857 0.0026748350290061946
-0.13665353835289207 -0.9440667674080059 0.004762846609148414
0.08072030576089817 -0.13665353835289232 0.004762846609148414
-0.9440667674080061 0.08072030576089817 0.004762846609148414
0.08072030576089795 -0.9440667674080059 0.004762846609148414
-0.13665353835289204 0.08072030576089817 0.004762846609148414
-0.9440667674080063 -0.13665353835289115 0.004762846609148414
-0.558405552496321 -0.705468311606406 0.008565704904038088
0.26387386410272745 -0.558405552496321 0.008565704904038088
-0.705468311606406 0.263873864102727 0.008565704904038088
0.263873864102727 -0.705468311606406 0.008565704904038088
-0.5584055524963205 0.263873864102727 0.008565704904038088
-0.7054683116064071 -0.5584055524963198 0.008565704904038088
-0.9781219738706737 -0.9781219738706743 0.0005999043738296138
0.9562439477413476 -0.9781219738706732 0.0005999043738296138
-0.9781219738706746 0.9562439477413489 0.0005999043738296138
-0.6936543298046314 -0.9962588661779312 0.000881387917075284
0.6899131959825626 -0.6936543298046312 0.000881387917075284
-0.9962588661779317 0.6899131959825637 0.000881387917075284
0.6899131959825626 -0.9962588661779312 0.000881387917075284
-0.6936543298046318 0.6899131959825637 0.000881387917075284
-0.9962588661779315 -0.6936543298046312 0.000881387917075284
-0.8427072760971994 -0.842707276097201 0.0041357433341595445
0.6854145521944011 -0.8427072760971999 0.0041357433341595445
-0.8427072760972005 0.6854145521944011 0.0041357433341595445
-0.9816027664683773 -0.9958657196429472 0.0002312905155015999
0.9774684861113256 -0.9816027664683791 0.0002312905155015999
-0.9958657196429479 0.9774684861113285 0.0002312905155015999
0.9774684861113248 -0.9958657196429472 0.0002312905155015999
-0.9816027664683797 0.9774684861113285 0.0002312905155015999
-0.995865719642947 -0.981602766468378 0.0002312905155015999
-0.9529095314851797 -0.9959872383159527 0.0003648502036079644
0.9488967698011319 -0.9529095314851797 0.0003648502036079644
-0.9959872383159536 0.9488967698011348 0.0003648502036079644
0.9488967698011315 -0.9959872383159527 0.0003648502036079644
-0.9529095314851805 0.9488967698011348 0.0003648502036079644
-0.9959872383159538 -0.9529095314851783 0.0003648502036079644
-0.30854304056306747 -0.606816015440935 0.010270231694537538
-0.08464094399599734 -0.30854304056306725 0.010270231694537538
-0.6068160154409358 -0.08464094399599642 0.010270231694537538
-0.08464094399599748 -0.606816015440935 0.010270231694537538
-0.30854304056306775 -0.08464094399599642 0.010270231694537538
-0.6068160154409354 -0.30854304056306714 0.010270231694537538
-0.4996613823756856 -0.7850422677955389 0.0078101114203093045
0.28470365017122384 -0.4996613823756856 0.0078101114203093045
-0.7850422677955382 0.2847036501712245 0.0078101114203093045
0.2847036501712245 -0.7850422677955389 0.0078101114203093045
-0.49966138237568525 0.2847036501712245 0.0078101114203093045
-0.7850422677955398 -0.4996613823756844 0.0078101114203093045
-0.4889002747967335 -0.996276381293469 0.0010564351196678137
0.4851766560902033 -0.48890027479673437 0.0010564351196678137
-0.9962763812934687 0.4851766560902035 0.0010564351196678137
0.4851766560902035 -0.996276381293469 0.0010564351196678137
-0.4889002747967347 0.4851766560902035 0.0010564351196678137
-0.9962763812934694 -0.4889002747967332 0.0010564351196678137
-0.7934131294747495 -0.8995854148168809 0.0037981269516941213
0.6929985442916313 -0.7934131294747505 0.0037981269516941213
-0.8995854148168807 0.6929985442916315 0.0037981269516941213
0.6929985442916304 -0.8995854148168809 0.0037981269516941213
-0.7934131294747502 0.6929985442916315 0.0037981269516941213
-0.8995854148168814 -0.7934131294747493 0.0037981269516941213
-0.6594822352717371 -0.6594822352717378 0.008055421977036622
0.3189644705434744 -0.6594822352717367 0.008055421977036622
-0.6594822352717372 0.3189644705434745 0.008055421977036622
-0.7730344416189194 -0.8418024664862509 0.004668118624327395
0.6148369081051708 -0.7730344416189197 0.004668118624327395
-0.8418024664862507 0.6148369081051708 0.004668118624327395
0.6148369081051706 -0.8418024664862509 0.004668118624327395
-0.7730344416189195 0.6148369081051708 0.004668118624327395
-0.8418024664862511 -0.7730344416189197 0.004668118624327395
-0.5959969617208543 -0.9963422606399694 0.0009653413559593795
0.5923392223608244 -0.5959969617208547 0.0009653413559593795
-0.9963422606399692 0.5923392223608244 0.0009653413559593795
0.5923392223608237 -0.9963422606399694 0.0009653413559593795
-0.595996961720854 0.5923392223608244 0.0009653413559593795
-0.9963422606399701 -0.5959969617208536 0.0009653413559593795
-0.6007330813263652 -0.6007330813263657 0.00914134777825236
0.20146616265273093 -0.6007330813263657 0.00914134777825236
-0.6007330813263657 0.20146616265273148 0.00914134777825236
-0.6891854133166677 -0.8050030786501206 0.006498038898642801
0.4941884919667891 -0.6891854133166683 0.006498038898642801
-0.8050030786501208 0.494188491966789 0.006498038898642801
0.4941884919667883 -0.8050030786501206 0.006498038898642801
-0.6891854133166675 0.494188491966789 0.006498038898642801
-0.8050030786501214 -0.689185413316667 0.006498038898642801
-0.43253374830018265 -0.9794579145241267 0.0026395338335353058
0.41199166282430927 -0.4325337483001824 0.0026395338335353058
-0.9794579145241269 0.4119916628243098 0.0026395338335353058
0.4119916628243094 -0.9794579145241267 0.0026395338335353058
-0.4325337483001829 0.4119916628243098 0.0026395338335353058
-0.9794579145241271 -0.4325337483001819 0.0026395338335353058
-0.19866213490233967 -0.6026757301953205 0.01033071185490775
-0.19866213490233986 -0.19866213490234025 0.01033071185490775
-0.6026757301953204 -0.1986621349023391 0.01033071185490775
-0.7187722518872313 -0.7187722518872315 0.006970526706905318
0.4375445037744638 -0.7187722518872315 0.006970526706905318
-0.7187722518872315 0.43754450377446313 0.006970526706905318
-0.7797247785760775 -0.9961098664509531 0.0007934585220888267
0.7758346450270299 -0.7797247785760779 0.0007934585220888267
-0.9961098664509527 0.7758346450270313 0.0007934585220888267
0.7758346450270306 -0.9961098664509531 0.0007934585220888267
-0.7797247785760776 0.7758346450270313 0.0007934585220888267
-0.9961098664509536 -0.7797247785760768 0.0007934585220888267
-0.29761927110916897 -0.40476145778166206 0.011713628907836874
-0.29761927110916897 -0.29761927110916864 0.011713628907836874
-0.4047614577816623 -0.29761927110916864 0.011713628907836874
-0.915499274969723 -0.9154992749697239 0.0023978975676769
0.8309985499394481 -0.9154992749697239 0.0023978975676769
-0.9154992749697262 0.8309985499394525 0.0023978975676769
-0.37674602720741523 -0.9959745701414755 0.001171186882042265
0.3727205973488917 -0.37674602720741535 0.001171186882042265
-0.995974570141476 0.3727205973488918 0.001171186882042265
0.3727205973488907 -0.9959745701414755 0.001171186882042265
-0.37674602720741585 0.3727205973488918 0.001171186882042265
-0.9959745701414766 -0.37674602720741474 0.001171186882042265
-0.0026322033758841012 -0.9947355932482316 0.0014986441082104212
-0.002632203375883879 -0.0026322033758841568 0.0014986441082104212
-0.9947355932482325 -0.002632203375882991 0.0014986441082104212
-0.08786874490008661 -0.9802403515707594 0.0028015497695023693
0.06810909647084501 -0.087868744900086 0.0028015497695023693
-0.9802403515707592 0.06810909647084656 0.0028015497695023693
0.06810909647084601 -0.9802403515707594 0.0028015497695023693
-0.08786874490008728 0.06810909647084656 0.0028015497695023693
-0.980240351570759 -0.087868744900086 0.0028015497695023693
-0.40704026497405804 -0.4070402649740579 0.011547277807184566
-0.18591947005188408 -0.40704026497405776 0.011547277807184566
-0.40704026497405843 -0.18591947005188303 0.011547277807184566
-0.8518818506402983 -0.9955476949059794 0.0007410110976283445
0.8474295455462781 -0.8518818506402981 0.0007410110976283445
-0.9955476949059785 0.8474295455462764 0.0007410110976283445
0.8474295455462777 -0.9955476949059794 0.0007410110976283445
-0.851881850640297 0.8474295455462764 0.0007410110976283445
-0.9955476949059798 -0.8518818506402981 0.0007410110976283445
