-0.3333333333333330 -0.3333333333333330 0.2886312153555740
-0.0814148234145540 -0.0814148234145540 0.1901832685345690
-0.8371703531708929 -0.0814148234145540 0.1901832685345690
-0.0814148234145540 -0.8371703531708929 0.1901832685345690
-0.6588613844964800 -0.6588613844964800 0.2064347410694370
0.3177227689929590 -0.6588613844964800 0.2064347410694370
-0.6588613844964800 0.3177227689929590 0.2064347410694370
-0.8989055433659380 -0.8989055433659380 0.0649169952463960
0.7978110867318760 -0.8989055433659380 0.0649169952463960
-0.8989055433659380 0.7978110867318760 0.0649169952463960
-0.4737743407307240 0.4569847859108090 0.0544606283488700
0.4569847859108090 -0.4737743407307240 0.0544606283488700
-0.9832104451800850 0.4569847859108090 0.0544606283488700
0.4569847859108090 -0.9832104451800850 0.0544606283488700
-0.9832104451800850 -0.4737743407307240 0.0544606283488700
-0.4737743407307240 -0.9832104451800850 0.0544606283488700