-0.3333333333333330 -0.3333333333333330 0.0443659243780760
-0.0121312165280290 -0.0121312165280290 0.0191188665586150
-0.9757375669439420 -0.0121312165280290 0.0191188665586150
-0.0121312165280290 -0.9757375669439420 0.0191188665586150
-0.2301365187497960 -0.2301365187497960 0.0492942822642070
-0.5397269625004080 -0.2301365187497960 0.0492942822642070
-0.2301365187497960 -0.5397269625004080 0.0492942822642070
-0.4994028078505620 -0.4994028078505620 0.0606541259812590
-0.0011943842988750 -0.4994028078505630 0.0606541259812590
-0.4994028078505630 -0.0011943842988750 0.0606541259812590
-0.7100452415985981 -0.7100452415985981 0.0313662318444970
0.4200904831971960 -0.7100452415985981 0.0313662318444970
-0.7100452415985981 0.4200904831971960 0.0313662318444970
-0.9030191715693910 -0.9030191715693910 0.0161730356990590
0.8060383431387830 -0.9030191715693910 0.0161730356990590
-0.9030191715693910 0.8060383431387830 0.0161730356990590
-0.9728669216766640 -0.9728669216766640 0.0047500767434160
0.9457338433533280 -0.9728669216766640 0.0047500767434160
-0.9728669216766640 0.9457338433533280 0.0047500767434160
-0.8598481434269200 0.8526822785202270 0.0043299983640460
0.8526822785202270 -0.8598481434269200 0.0043299983640460
-0.9928341350933060 0.8526822785202270 0.0043299983640460
0.8526822785202270 -0.9928341350933060 0.0043299983640460
-0.9928341350933060 -0.8598481434269200 0.0043299983640460
-0.8598481434269200 -0.9928341350933060 0.0043299983640460
-0.5922084282964560 0.5731106193334590 0.0123001365921510
0.5731106193334590 -0.5922084282964560 0.0123001365921510
-0.9809021910370030 0.5731106193334590 0.0123001365921510
0.5731106193334590 -0.9809021910370030 0.0123001365921510
-0.9809021910370030 -0.5922084282964560 0.0123001365921510
-0.5922084282964560 -0.9809021910370030 0.0123001365921510
-0.3166607050971160 0.2940114425754930 0.0171465504960940
0.2940114425754930 -0.3166607050971160 0.0171465504960940
-0.9773507374783780 0.2940114425754930 0.0171465504960940
0.2940114425754930 -0.9773507374783780 0.0171465504960940
-0.9773507374783780 -0.3166607050971160 0.0171465504960940
-0.3166607050971160 -0.9773507374783780 0.0171465504960940
-0.7627082753936000 0.7208051430810580 0.0109927843676860
0.7208051430810580 -0.7627082753936000 0.0109927843676860
-0.9580968676874581 0.7208051430810580 0.0109927843676860
0.7208051430810580 -0.9580968676874581 0.0109927843676860
-0.9580968676874581 -0.7627082753936000 0.0109927843676860
-0.7627082753936000 -0.9580968676874581 0.0109927843676860
-0.4994647538520780 0.3896739573775400 0.0339884236274510
0.3896739573775400 -0.4994647538520780 0.0339884236274510
-0.8902092035254620 0.3896739573775400 0.0339884236274510
0.3896739573775400 -0.8902092035254620 0.0339884236274510
-0.8902092035254620 -0.4994647538520780 0.0339884236274510
-0.4994647538520780 -0.8902092035254620 0.0339884236274510
-0.7301939611872130 0.5952253122217490 0.0257687752500480
0.5952253122217490 -0.7301939611872130 0.0257687752500480
-0.8650313510345360 0.5952253122217490 0.0257687752500480
0.5952253122217490 -0.8650313510345360 0.0257687752500480
-0.8650313510345350 -0.7301939611872130 0.0257687752500480
-0.7301939611872130 -0.8650313510345350 0.0257687752500480
-0.2136621810774590 0.0921594717845400 0.0400236987163050
0.0921594717845400 -0.2136621810774590 0.0400236987163050
-0.8784972907070810 0.0921594717845400 0.0400236987163050
0.0921594717845400 -0.8784972907070810 0.0400236987163050
-0.8784972907070810 -0.2136621810774590 0.0400236987163050
-0.2136621810774590 -0.8784972907070810 0.0400236987163050
-0.2689065423752760 -0.0109646774866210 0.0452772480976160
-0.0109646774866210 -0.2689065423752760 0.0452772480976160
-0.7201287801381030 -0.0109646774866210 0.0452772480976160
-0.0109646774866210 -0.7201287801381030 0.0452772480976160
-0.7201287801381030 -0.2689065423752760 0.0452772480976160
-0.2689065423752760 -0.7201287801381030 0.0452772480976160
-0.5079632307652860 0.2330621213208840 0.0454330875467290
0.2330621213208840 -0.5079632307652860 0.0454330875467290
-0.7250988905555980 0.2330621213208840 0.0454330875467290
0.2330621213208840 -0.7250988905555980 0.0454330875467290
-0.7250988905555980 -0.5079632307652860 0.0454330875467290
-0.5079632307652860 -0.7250988905555980 0.0454330875467290