-0.6656443232885794 -0.9969441019019734 0.0007551047357071392
0.6625884251905525 -0.6656443232885788 0.0007551047357071392
-0.9969441019019736 0.6625884251905534 0.0007551047357071392
0.6625884251905527 -0.9969441019019734 0.0007551047357071392
-0.6656443232885787 0.6625884251905534 0.0007551047357071392
-0.9969441019019736 -0.6656443232885788 0.0007551047357071392
-0.25704380110952496 -0.970056355055718 0.0031033699397100675
0.22710015616524343 -0.2570438011095249 0.0031033699397100675
-0.9700563550557177 0.22710015616524365 0.0031033699397100675
0.22710015616524298 -0.970056355055718 0.0031033699397100675
-0.2570438011095258 0.22710015616524365 0.0031033699397100675
-0.9700563550557177 -0.25704380110952446 0.0031033699397100675
-0.6819522305752526 -0.9863914824017448 0.0017288291214931832
0.6683437129769974 -0.6819522305752528 0.0017288291214931832
-0.9863914824017452 0.6683437129769987 0.0017288291214931832
0.6683437129769974 -0.9863914824017448 0.0017288291214931832
-0.6819522305752528 0.6683437129769976 0.0017288291214931832
-0.9863914824017446 -0.6819522305752528 0.0017288291214931832
-0.9075641341434666 -0.9293720505968905 0.001994369863746329
0.8369361847403578 -0.9075641341434675 0.001994369863746329
-0.929372050596891 0.8369361847403594 0.001994369863746329
0.8369361847403574 -0.9293720505968905 0.001994369863746329
-0.9075641341434673 0.8369361847403594 0.001994369863746329
-0.9293720505968917 -0.9075641341434664 0.001994369863746329
-0.7702696652398386 -0.9968320271047908 0.0008181540625960928
0.7671016923446297 -0.7702696652398389 0.0008181540625960928
-0.9968320271047915 0.767101692344631 0.0008181540625960928
0.7671016923446297 -0.9968320271047908 0.0008181540625960928
-0.7702696652398389 0.7671016923446299 0.0008181540625960928
-0.996832027104791 -0.7702696652398378 0.0008181540625960928
-0.33150798363057093 -0.9569666558310361 0.004087334320168859
0.2884746394616074 -0.33150798363057093 0.004087334320168859
-0.9569666558310368 0.28847463946160773 0.004087334320168859
0.28847463946160706 -0.9569666558310361 0.004087334320168859
-0.3315079836305708 0.28847463946160773 0.004087334320168859
-0.9569666558310366 -0.33150798363057055 0.004087334320168859
-0.8552576701032197 -0.9959494766148744 0.000825288665255244
0.8512071467180944 -0.8552576701032206 0.000825288665255244
-0.9959494766148733 0.8512071467180939 0.000825288665255244
0.8512071467180944 -0.9959494766148744 0.000825288665255244
-0.8552576701032197 0.8512071467180939 0.000825288665255244
-0.9959494766148742 -0.8552576701032195 0.000825288665255244
-0.5526315066704227 -0.9692775925018267 0.0038293935087936634
0.521909099172249 -0.5526315066704219 0.0038293935087936634
-0.9692775925018269 0.5219090991722497 0.0038293935087936634
0.5219090991722495 -0.9692775925018267 0.0038293935087936634
-0.5526315066704228 0.5219090991722497 0.0038293935087936634
-0.9692775925018269 -0.5526315066704219 0.0038293935087936634
-0.7777419660188298 -0.9796681121041704 0.002328006271979879
0.7574100781230004 -0.7777419660188305 0.002328006271979879
-0.9796681121041706 0.7574100781230011 0.002328006271979879
0.7574100781230004 -0.9796681121041704 0.002328006271979879
-0.7777419660188305 0.7574100781230011 0.002328006271979879
-0.9796681121041702 -0.7777419660188294 0.002328006271979879
-0.4471109163844182 -0.9399722924323415 0.005837347421304742
0.3870832088167602 -0.44711091638441824 0.005837347421304742
-0.9399722924323413 0.38708320881676056 0.005837347421304742
0.3870832088167598 -0.9399722924323415 0.005837347421304742
-0.44711091638441824 0.38708320881676056 0.005837347421304742
-0.9399722924323421 -0.44711091638441763 0.005837347421304742
-0.6614732890686488 -0.9620599147199564 0.0038846763446447083
0.6235332037886052 -0.6614732890686483 0.0038846763446447083
-0.9620599147199569 0.6235332037886061 0.0038846763446447083
0.6235332037886052 -0.9620599147199564 0.0038846763446447083
-0.661473289068648 0.6235332037886061 0.0038846763446447083
-0.9620599147199569 -0.6614732890686483 0.0038846763446447083
-0.7606980895024826 -0.9465184315557464 0.00408743212846596
0.7072165210582295 -0.7606980895024831 0.00408743212846596
-0.9465184315557458 0.7072165210582297 0.00408743212846596
0.7072165210582293 -0.9465184315557464 0.00408743212846596
-0.7606980895024833 0.7072165210582297 0.00408743212846596
-0.9465184315557464 -0.7606980895024831 0.00408743212846596
-0.4339618057414623 -0.9982923626129254 0.0009123577168697781
0.4322541683543873 -0.4339618057414625 0.0009123577168697781
-0.9982923626129252 0.4322541683543886 0.0009123577168697781
0.43225416835438774 -0.9982923626129254 0.0009123577168697781
-0.43396180574146326 0.4322541683543886 0.0009123577168697781
-0.998292362612925 -0.43396180574146204 0.0009123577168697781
-0.8591908996977069 -0.9754830599120361 0.002236305301397049
0.8346739596097437 -0.8591908996977071 0.002236305301397049
-0.9754830599120381 0.8346739596097468 0.002236305301397049
0.834673959609743 -0.9754830599120361 0.002236305301397049
-0.859190899697708 0.8346739596097468 0.002236305301397049
-0.975483059912037 -0.859190899697706 0.002236305301397049
-0.5670558024971759 -0.9256599057730059 0.006072944823224739
0.49271570827018213 -0.5670558024971761 0.006072944823224739
-0.9256599057730059 0.49271570827018213 0.006072944823224739
0.492715708270182 -0.9256599057730059 0.006072944823224739
-0.567055802497176 0.49271570827018213 0.006072944823224739
-0.9256599057730064 -0.567055802497175 0.006072944823224739
-0.8461462368734816 -0.9356115986730589 0.003880371358222811
0.7817578355465413 -0.8461462368734824 0.003880371358222811
-0.9356115986730587 0.7817578355465413 0.003880371358222811
0.7817578355465415 -0.9356115986730589 0.003880371358222811
-0.8461462368734818 0.7817578355465413 0.003880371358222811
-0.9356115986730593 -0.8461462368734813 0.003880371358222811
-0.1415545359228976 -0.9821356945773687 0.003829846968785903
0.12369023050026667 -0.14155453592289716 0.003829846968785903
-0.9821356945773696 0.12369023050026717 0.003829846968785903
0.12369023050026645 -0.9821356945773687 0.003829846968785903
-0.14155453592289755 0.12369023050026717 0.003829846968785903
-0.9821356945773694 -0.14155453592289716 0.003829846968785903
-0.968592509272413 -0.9685925092724139 0.0012512132393497008
0.937185018544828 -0.9685925092724139 0.0012512132393497008
-0.9685925092724117 0.9371850185448234 0.0012512132393497008
-0.4122200742051141 -0.41222007420511375 0.017189057917973614
-0.1755598515897721 -0.41222007420511375 0.017189057917973614
-0.41222007420511375 -0.1755598515897725 0.017189057917973614
-0.2597942631525166 -0.48041147369496684 0.017198664683123973
-0.25979426315251675 -0.2597942631525164 0.017198664683123973
-0.48041147369496684 -0.2597942631525163 0.017198664683123973
-0.34970415022959067 -0.5519095695450007 0.01646426811245512
-0.09838628022540896 -0.34970415022959 0.01646426811245512
-0.5519095695450005 -0.09838628022540907 0.01646426811245512
-0.09838628022540966 -0.5519095695450007 0.01646426811245512
-0.34970415022959045 -0.09838628022540907 0.01646426811245512
-0.5519095695450009 -0.34970415022959 0.01646426811245512
-0.44345457942612737 -0.6247475660186492 0.015079040971740431
0.0682021454447756 -0.44345457942612715 0.015079040971740431
-0.6247475660186492 0.0682021454447772 0.015079040971740431
0.0682021454447766 -0.6247475660186492 0.015079040971740431
-0.4434545794261273 0.06820214544477604 0.015079040971740431
-0.6247475660186486 -0.4434545794261269 0.015079040971740431
-0.42957949296258 -0.980482957352264 0.0037103492497453554
0.41006245031484395 -0.4295794929625799 0.0037103492497453554
-0.980482957352264 0.4100624503148442 0.0037103492497453554
0.41006245031484395 -0.980482957352264 0.0037103492497453554
-0.4295794929625801 0.4100624503148442 0.0037103492497453554
-0.9804829573522642 -0.42957949296257936 0.0037103492497453554
-0.45454873634033743 -0.8825874187566531 0.00880964274833612
0.3371361550969913 -0.4545487363403384 0.00880964274833612
-0.8825874187566527 0.3371361550969915 0.00880964274833612
0.33713615509699063 -0.8825874187566531 0.00880964274833612
-0.45454873634033777 0.3371361550969915 0.00880964274833612
-0.8825874187566534 -0.4545487363403372 0.00880964274833612
-0.16906081045752103 -0.9385160006276798 0.007614410012371789
0.1075768110852004 -0.16906081045752072 0.007614410012371789
-0.9385160006276798 0.10757681108520178 0.007614410012371789
0.10757681108520095 -0.9385160006276798 0.007614410012371789
-0.16906081045752133 0.10757681108520067 0.007614410012371789
-0.9385160006276796 -0.16906081045752072 0.007614410012371789
-0.5588451069325822 -0.9934864927257794 0.0019388891581090845
0.5523315996583609 -0.5588451069325817 0.0019388891581090845
-0.99348649272578 0.5523315996583624 0.0019388891581090845
0.5523315996583618 -0.9934864927257794 0.0019388891581090845
-0.5588451069325822 0.5523315996583624 0.0019388891581090845
-0.99348649272578 -0.5588451069325817 0.0019388891581090845
-0.31422875921128185 -0.9096247540790223 0.008448160666961553
0.22385351329030417 -0.31422875921128224 0.008448160666961553
-0.9096247540790212 0.2238535132903045 0.008448160666961553
0.22385351329030417 -0.9096247540790223 0.008448160666961553
-0.31422875921128224 0.2238535132903045 0.008448160666961553
-0.9096247540790219 -0.314228759211282 0.008448160666961553
-0.5369922787766399 -0.6983629795518862 0.01323865110588089
0.2353552583285256 -0.5369922787766392 0.01323865110588089
-0.6983629795518866 0.23535525832852672 0.01323865110588089
0.23535525832852605 -0.6983629795518862 0.01323865110588089
-0.5369922787766397 0.23535525832852672 0.01323865110588089
-0.6983629795518863 -0.5369922787766392 0.01323865110588089
-0.9237965740701635 -0.9666526519250409 0.002002814577653671
0.8904492259952042 -0.9237965740701641 0.002002814577653671
-0.9666526519250398 0.8904492259952037 0.002002814577653671
0.8904492259952046 -0.9666526519250409 0.002002814577653671
-0.9237965740701632 0.8904492259952037 0.002002814577653671
-0.9666526519250405 -0.9237965740701628 0.002002814577653671
-0.2942177829796649 -0.6757895157089122 0.015112622149042985
-0.029992701311423786 -0.29421778297966433 0.015112622149042985
-0.6757895157089127 -0.02999270131142262 0.015112622149042985
-0.029992701311422898 -0.6757895157089122 0.015112622149042985
-0.29421778297966467 -0.02999270131142262 0.015112622149042985
-0.675789515708912 -0.2942177829796641 0.015112622149042985
-0.19984786016083828 -0.8709482798001393 0.010597410087987225
0.07079613996097706 -0.1998478601608381 0.010597410087987225
-0.8709482798001398 0.0707961399609775 0.010597410087987225
0.07079613996097672 -0.8709482798001393 0.010597410087987225
-0.19984786016083772 0.0707961399609775 0.010597410087987225
-0.8709482798001396 -0.19984786016083694 0.010597410087987225
-0.6244313169069253 -0.7712406090628614 0.011109379592256828
0.3956719259697861 -0.6244313169069243 0.011109379592256828
-0.7712406090628617 0.3956719259697869 0.011109379592256828
0.3956719259697867 -0.7712406090628614 0.011109379592256828
-0.6244313169069247 0.3956719259697869 0.011109379592256828
-0.7712406090628618 -0.6244313169069243 0.011109379592256828
-0.5852461246193179 -0.8608560082944359 0.00901196912189888
0.44610213291375417 -0.5852461246193181 0.00901196912189888
-0.8608560082944361 0.44610213291375406 0.00901196912189888
0.44610213291375395 -0.8608560082944359 0.00901196912189888
-0.5852461246193179 0.44610213291375406 0.00901196912189888
-0.8608560082944365 -0.585246124619317 0.00901196912189888
-0.7843923395472485 -0.8879312805989148 0.0062262702778405725
0.6723236201461638 -0.7843923395472492 0.0062262702778405725
-0.8879312805989144 0.672323620146164 0.0062262702778405725
0.6723236201461635 -0.8879312805989148 0.0062262702778405725
-0.7843923395472495 0.6723236201461653 0.0062262702778405725
-0.8879312805989155 -0.7843923395472492 0.0062262702778405725
-0.7041970678537482 -0.8368206684316655 0.00877967643240537
0.541017736285414 -0.704197067853748 0.00877967643240537
-0.8368206684316661 0.5410177362854147 0.00877967643240537
0.5410177362854138 -0.8368206684316655 0.00877967643240537
-0.7041970678537481 0.5410177362854147 0.00877967643240537
-0.8368206684316666 -0.7041970678537468 0.00877967643240537
-0.6799146631772824 -0.9107414524575512 0.006477104744165836
0.5906561156348333 -0.6799146631772828 0.006477104744165836
-0.910741452457551 0.590656115634834 0.006477104744165836
0.5906561156348338 -0.9107414524575512 0.006477104744165836
-0.679914663177283 0.590656115634834 0.006477104744165836
-0.910741452457551 -0.6799146631772817 0.006477104744165836
-0.24424666062245615 -0.7824162468015656 0.013148596223219025
0.026662907424020832 -0.2442466606224557 0.013148596223219025
-0.7824162468015656 0.026662907424021276 0.013148596223219025
0.02666290742402183 -0.7824162468015656 0.013148596223219025
-0.2442466606224556 0.026662907424021276 0.013148596223219025
-0.7824162468015653 -0.24424666062245537 0.013148596223219025
-0.4946073702955866 -0.49460737029558677 0.01607827119864287
-0.010785259408826575 -0.49460737029558677 0.01607827119864287
-0.4946073702955867 -0.010785259408826409 0.01607827119864287
-0.9215532606703829 -0.9935877028309519 0.0009238751607493086
0.9151409635013348 -0.9215532606703836 0.0009238751607493086
-0.9935877028309532 0.915140963501339 0.0009238751607493086
0.915140963501335 -0.9935877028309519 0.0009238751607493086
-0.9215532606703849 0.915140963501339 0.0009238751607493086
-0.9935877028309517 -0.9215532606703825 0.0009238751607493086
-0.3513911098457242 -0.8340469038821616 0.01124065972453925
0.18543801372788588 -0.35139110984572364 0.01124065972453925
-0.8340469038821623 0.18543801372788654 0.01124065972453925
0.18543801372788588 -0.8340469038821616 0.01124065972453925
-0.35139110984572425 0.18543801372788654 0.01124065972453925
-0.8340469038821625 -0.3513911098457231 0.01124065972453925
-0.5788457409703912 -0.5788457409703915 0.014423647189817751
0.15769148194078275 -0.5788457409703915 0.014423647189817751
-0.5788457409703915 0.15769148194078308 0.014423647189817751
-0.9938849787429156 -0.9938849787429169 0.0002459277702666509
0.9877699574858321 -0.9938849787429158 0.0002459277702666509
-0.9938849787429167 0.9877699574858341 0.0002459277702666509
-0.19341555545147407 -0.6131688890970517 0.016133609934903807
-0.1934155554514752 -0.19341555545147354 0.016133609934903807
-0.6131688890970513 -0.19341555545147354 0.016133609934903807
-0.046496706399414445 -0.9070065872011712 0.009357952456905818
-0.046496706399414 -0.046496706399413834 0.009357952456905818
-0.9070065872011721 -0.046496706399413834 0.009357952456905818
-0.2980303047549899 -0.9929585299800241 0.0024655391138594766
0.2909888347350142 -0.29803030475499037 0.0024655391138594766
-0.9929585299800232 0.2909888347350144 0.0024655391138594766
0.29098883473501397 -0.9929585299800241 0.0024655391138594766
-0.2980303047549902 0.2909888347350144 0.0024655391138594766
-0.9929585299800241 -0.2980303047549898 0.0024655391138594766
-0.8702875096805944 -0.8702875096805951 0.005434597143849547
0.7405750193611891 -0.870287509680594 0.005434597143849547
-0.8702875096805951 0.7405750193611904 0.005434597143849547
-0.6622072404340758 -0.6622072404340764 0.012479884061060618
0.3244144808681532 -0.6622072404340764 0.012479884061060618
-0.6622072404340764 0.3244144808681529 0.012479884061060618
-0.3333333333333335 -0.33333333333333304 0.017570968905726146
-0.15825834474861286 -0.9988034105427261 0.0008980204763922925
0.15706175529133914 -0.1582583447486123 0.0008980204763922925
-0.9988034105427268 0.15706175529133976 0.0008980204763922925
0.1570617552913391 -0.9988034105427261 0.0008980204763922925
-0.15825834474861283 0.15706175529133976 0.0008980204763922925
-0.9988034105427268 -0.1582583447486123 0.0008980204763922925
-0.8074039316816842 -0.8074039316816854 0.007781818759209909
0.6148078633633691 -0.8074039316816843 0.007781818759209909
-0.8074039316816848 0.6148078633633698 0.007781818759209909
-0.4946879228794704 -0.8006325610796012 0.011376366530713465
0.29532048395907146 -0.4946879228794707 0.011376366530713465
-0.800632561079601 0.295320483959072 0.011376366530713465
0.2953204839590717 -0.8006325610796012 0.011376366530713465
-0.49468792287947094 0.295320483959072 0.011376366530713465
-0.8006325610796012 -0.4946879228794696 0.011376366530713465
-0.018596861739591686 -0.9628062765208165 0.006057938212554522
-0.018596861739592352 -0.018596861739591186 0.006057938212554522
-0.9628062765208163 -0.018596861739591186 0.006057938212554522
-0.0030708415268044797 -0.993858316946391 0.0024100561245110367
-0.0030708415268047573 -0.0030708415268044242 0.0024100561245110367
-0.9938583169463908 -0.0030708415268044242 0.0024100561245110367
-0.3966593328789447 -0.7383521712499026 0.013495817792244439
0.13501150412884738 -0.3966593328789446 0.013495817792244439
-0.738352171249903 0.13501150412884821 0.013495817792244439
0.13501150412884738 -0.7383521712499026 0.013495817792244439
-0.39665933287894506 0.13501150412884821 0.013495817792244439
-0.7383521712499028 -0.3966593328789444 0.013495817792244439
-0.135456044786387 -0.7290879104272259 0.014449771469917775
-0.13545604478638743 -0.13545604478638706 0.014449771469917775
-0.7290879104272254 -0.13545604478638706 0.014449771469917775
-0.7395167860195808 -0.7395167860195822 0.01027278345228086
0.47903357203916247 -0.739516786019581 0.01027278345228086
-0.7395167860195815 0.47903357203916314 0.01027278345228086
-0.08625652569135422 -0.8274869486172916 0.01216890775099058
-0.08625652569135489 -0.0862565256913542 0.01216890775099058
-0.8274869486172909 -0.0862565256913542 0.01216890775099058
-0.9678772240664189 -0.9940088245199743 0.0005571212500972661
0.9618860485863934 -0.9678772240664186 0.0005571212500972661
-0.994008824519973 0.9618860485863909 0.0005571212500972661
0.9618860485863931 -0.9940088245199743 0.0005571212500972661
-0.9678772240664171 0.9618860485863909 0.0005571212500972661
-0.9940088245199752 -0.9678772240664175 0.0005571212500972661
