-0.0279464830731740 -0.0279464830731740 0.0160111637600410
-0.9441070338536520 -0.0279464830731740 0.0160111637600410
-0.0279464830731740 -0.9441070338536520 0.0160111637600410
-0.1311786013276510 -0.1311786013276510 0.0318941536647810
-0.7376427973446970 -0.1311786013276510 0.0318941536647810
-0.1311786013276510 -0.7376427973446970 0.0318941536647810
-0.2202217295120720 -0.2202217295120720 0.0262182824615910
-0.5595565409758551 -0.2202217295120720 0.0262182824615910
-0.2202217295120720 -0.5595565409758551 0.0262182824615910
-0.4031135319603910 -0.4031135319603910 0.0391660019312710
-0.1937729360792180 -0.4031135319603910 0.0391660019312710
-0.4031135319603910 -0.1937729360792180 0.0391660019312710
-0.5319116553252560 -0.5319116553252560 0.0329417708830750
0.0638233106505130 -0.5319116553252560 0.0329417708830750
-0.5319116553252560 0.0638233106505130 0.0329417708830750
-0.6970633307819650 -0.6970633307819650 0.0170945581481840
0.3941266615639300 -0.6970633307819650 0.0170945581481840
-0.6970633307819650 0.3941266615639300 0.0170945581481840
-0.7745322129080130 -0.7745322129080130 0.0163237717144530
0.5490644258160260 -0.7745322129080130 0.0163237717144530
-0.7745322129080130 0.5490644258160260 0.0163237717144530
-0.8445686158169470 -0.8445686158169470 0.0122422930799680
0.6891372316338950 -0.8445686158169480 0.0122422930799680
-0.8445686158169480 0.6891372316338950 0.0122422930799680
-0.9302138127714060 -0.9302138127714060 0.0058169965298730
0.8604276255428120 -0.9302138127714060 0.0058169965298730
-0.9302138127714060 0.8604276255428120 0.0058169965298730
-0.9854836307581351 -0.9854836307581351 0.0013845504913240
0.9709672615162710 -0.9854836307581351 0.0013845504913240
-0.9854836307581351 0.9709672615162710 0.0013845504913240
-0.5455710956932720 0.5429863902843870 0.0024965783985550
0.5429863902843870 -0.5455710956932720 0.0024965783985550
-0.9974152945911160 0.5429863902843870 0.0024965783985550
0.5429863902843870 -0.9974152945911160 0.0024965783985550
-0.9974152945911160 -0.5455710956932720 0.0024965783985550
-0.5455710956932720 -0.9974152945911160 0.0024965783985550
-0.1299788902928570 0.1191794877486240 0.0068095058176060
0.1191794877486240 -0.1299788902928570 0.0068095058176060
-0.9892005974557680 0.1191794877486240 0.0068095058176060
0.1191794877486240 -0.9892005974557680 0.0068095058176060
-0.9892005974557680 -0.1299788902928570 0.0068095058176060
-0.1299788902928570 -0.9892005974557680 0.0068095058176060
-0.3593808014555910 0.3466127953876410 0.0067193086521280
0.3466127953876410 -0.3593808014555910 0.0067193086521280
-0.9872319939320500 0.3466127953876410 0.0067193086521280
0.3466127953876410 -0.9872319939320500 0.0067193086521280
-0.9872319939320500 -0.3593808014555910 0.0067193086521280
-0.3593808014555910 -0.9872319939320500 0.0067193086521280
-0.8164993554399900 0.8064429324360040 0.0034323130789940
0.8064429324360040 -0.8164993554399900 0.0034323130789940
-0.9899435769960140 0.8064429324360040 0.0034323130789940
0.8064429324360040 -0.9899435769960140 0.0034323130789940
-0.9899435769960140 -0.8164993554399900 0.0034323130789940
-0.8164993554399900 -0.9899435769960140 0.0034323130789940
-0.9239783282825510 0.9103248110389880 0.0029617126334310
0.9103248110389880 -0.9239783282825510 0.0029617126334310
-0.9863464827564360 0.9103248110389880 0.0029617126334310
0.9103248110389880 -0.9863464827564360 0.0029617126334310
-0.9863464827564360 -0.9239783282825510 0.0029617126334310
-0.9239783282825510 -0.9863464827564360 0.0029617126334310
-0.6851495630293770 0.6651171637495180 0.0070226252214570
0.6651171637495180 -0.6851495630293770 0.0070226252214570
-0.9799676007201410 0.6651171637495170 0.0070226252214570
0.6651171637495170 -0.9799676007201410 0.0070226252214570
-0.9799676007201410 -0.6851495630293760 0.0070226252214570
-0.6851495630293760 -0.9799676007201410 0.0070226252214570
-0.5202206804429340 0.4687050540961540 0.0147871002994130
0.4687050540961540 -0.5202206804429340 0.0147871002994130
-0.9484843736532200 0.4687050540961540 0.0147871002994130
0.4687050540961540 -0.9484843736532200 0.0147871002994130
-0.9484843736532200 -0.5202206804429340 0.0147871002994130
-0.5202206804429340 -0.9484843736532200 0.0147871002994130
-0.2761137637478790 0.2156579675080470 0.0159661749547530
0.2156579675080470 -0.2761137637478790 0.0159661749547530
-0.9395442037601680 0.2156579675080470 0.0159661749547530
0.2156579675080470 -0.9395442037601680 0.0159661749547530
-0.9395442037601680 -0.2761137637478790 0.0159661749547530
-0.2761137637478790 -0.9395442037601680 0.0159661749547530
-0.8328960780903431 0.7718860978760190 0.0087119252263160
0.7718860978760190 -0.8328960780903431 0.0087119252263160
-0.9389900197856760 0.7718860978760190 0.0087119252263160
0.7718860978760190 -0.9389900197856760 0.0087119252263160
-0.9389900197856760 -0.8328960780903431 0.0087119252263160
-0.8328960780903431 -0.9389900197856760 0.0087119252263160
-0.7031135585351640 0.6112004638100250 0.0147301134028360
0.6112004638100250 -0.7031135585351640 0.0147301134028360
-0.9080869052748610 0.6112004638100250 0.0147301134028360
0.6112004638100250 -0.9080869052748610 0.0147301134028360
-0.9080869052748610 -0.7031135585351640 0.0147301134028360
-0.7031135585351640 -0.9080869052748610 0.0147301134028360
-0.4325205825449300 0.2976349814643750 0.0219271456928390
0.2976349814643750 -0.4325205825449300 0.0219271456928390
-0.8651143989194450 0.2976349814643750 0.0219271456928390
0.2976349814643750 -0.8651143989194450 0.0219271456928390
-0.8651143989194450 -0.4325205825449300 0.0219271456928390
-0.4325205825449300 -0.8651143989194450 0.0219271456928390
-0.1862012497624250 0.0461110669306040 0.0234999234870820
0.0461110669306040 -0.1862012497624250 0.0234999234870820
-0.8599098171681790 0.0461110669306040 0.0234999234870820
0.0461110669306040 -0.8599098171681790 0.0234999234870820
-0.8599098171681790 -0.1862012497624250 0.0234999234870820
-0.1862012497624250 -0.8599098171681790 0.0234999234870820
-0.6117720259502150 0.4439489766699820 0.0200312014275970
0.4439489766699820 -0.6117720259502150 0.0200312014275970
-0.8321769507197671 0.4439489766699820 0.0200312014275970
0.4439489766699820 -0.8321769507197671 0.0200312014275970
-0.8321769507197671 -0.6117720259502150 0.0200312014275970
-0.6117720259502150 -0.8321769507197671 0.0200312014275970
-0.3517313059985940 0.1109802346442880 0.0266192815752570
0.1109802346442880 -0.3517313059985940 0.0266192815752570
-0.7592489286456950 0.1109802346442880 0.0266192815752570
0.1109802346442880 -0.7592489286456950 0.0266192815752570
-0.7592489286456950 -0.3517313059985940 0.0266192815752570
-0.3517313059985940 -0.7592489286456950 0.0266192815752570
-0.5414450328880380 0.2453112345733050 0.0283088930104520
0.2453112345733050 -0.5414450328880380 0.0283088930104520
-0.7038662016852670 0.2453112345733050 0.0283088930104520
0.2453112345733050 -0.7038662016852670 0.0283088930104520
-0.7038662016852670 -0.5414450328880380 0.0283088930104520
-0.5414450328880380 -0.7038662016852670 0.0283088930104520
-0.3487637548080320 -0.0347799769266180 0.0297627591223360
-0.0347799769266180 -0.3487637548080320 0.0297627591223360
-0.6164562682653500 -0.0347799769266180 0.0297627591223360
-0.0347799769266180 -0.6164562682653500 0.0297627591223360
-0.6164562682653500 -0.3487637548080320 0.0297627591223360
-0.3487637548080320 -0.6164562682653500 0.0297627591223360