-0.5014265096581790 -0.5014265096581790 0.2335725514527590
0.0028530193163580 -0.5014265096581790 0.2335725514527590
-0.5014265096581790 0.0028530193163580 0.2335725514527590
-0.8738219710169960 -0.8738219710169960 0.1016898127404140
0.7476439420339910 -0.8738219710169960 0.1016898127404140
-0.8738219710169960 0.7476439420339910 0.1016898127404140
-0.3792950979324310 -0.8937099003103660 0.1657021512367470
-0.8937099003103660 -0.3792950979324310 0.1657021512367470
0.2730049982427970 -0.8937099003103660 0.1657021512367470
-0.8937099003103660 0.2730049982427970 0.1657021512367470
0.2730049982427970 -0.3792950979324310 0.1657021512367470
-0.3792950979324310 0.2730049982427970 0.1657021512367470