-0.3333333333333330 -0.3333333333333330 0.1715422696591390
-0.0082279865197010 -0.0082279865197010 0.0332323096480990
-0.9835440269605980 -0.0082279865197010 0.0332323096480990
-0.0082279865197010 -0.9835440269605980 0.0332323096480990
-0.1230627673234700 -0.1230627673234700 0.1346509345616970
-0.7538744653530610 -0.1230627673234700 0.1346509345616970
-0.1230627673234700 -0.7538744653530610 0.1346509345616970
-0.5795838073145220 -0.5795838073145220 0.1410452842139310
0.1591676146290440 -0.5795838073145220 0.1410452842139310
-0.5795838073145220 0.1591676146290440 0.1410452842139310
-0.7947931914503110 -0.7947931914503110 0.0772553524093530
0.5895863829006220 -0.7947931914503110 0.0772553524093530
-0.7947931914503110 0.5895863829006220 0.0772553524093530
-0.9430458090355330 -0.9430458090355330 0.0208516933118100
0.8860916180710660 -0.9430458090355330 0.0208516933118100
-0.9430458090355330 0.8860916180710660 0.0208516933118100
-0.7014124051909650 0.6868110318312000 0.0205564541301060
0.6868110318312000 -0.7014124051909650 0.0205564541301060
-0.9853986266402350 0.6868110318312000 0.0205564541301060
0.6868110318312000 -0.9853986266402350 0.0205564541301060
-0.9853986266402350 -0.7014124051909660 0.0205564541301060
-0.7014124051909660 -0.9853986266402350 0.0205564541301060
-0.4209444706272560 0.3289328761917940 0.0806687138542590
0.3289328761917940 -0.4209444706272560 0.0806687138542590
-0.9079884055645380 0.3289328761917940 0.0806687138542590
0.3289328761917940 -0.9079884055645380 0.0806687138542590
-0.9079884055645380 -0.4209444706272560 0.0806687138542590
-0.4209444706272560 -0.9079884055645380 0.0806687138542590