-0.397129662765364 -0.3971296627653637 0.011495868059340377
-0.2057406744692721 -0.3971296627653637 0.011495868059340377
-0.397129662765364 -0.2057406744692718 0.011495868059340377
-0.016717192034218786 -0.9665656159315623 0.00459273618419886
-0.016717192034218897 -0.016717192034218176 0.00459273618419886
-0.966565615931563 -0.016717192034218176 0.00459273618419886
-0.2844137284028059 -0.43117254319438836 0.015990701683728643
-0.2844137284028059 -0.28441372840280543 0.015990701683728643
-0.43117254319438875 -0.28441372840280543 0.015990701683728643
-0.8899090406169365 -0.9958635595691887 0.0009083987647507956
0.8857726001861244 -0.8899090406169365 0.0009083987647507956
-0.9958635595691856 0.8857726001861208 0.0009083987647507956
0.8857726001861255 -0.9958635595691887 0.0009083987647507956
-0.8899090406169343 0.8857726001861208 0.0009083987647507956
-0.9958635595691887 -0.8899090406169365 0.0009083987647507956
-0.10924707016940471 -0.9821900116277444 0.003943498661968346
0.09143708179714949 -0.10924707016940496 0.003943498661968346
-0.9821900116277438 0.09143708179714954 0.003943498661968346
0.09143708179714927 -0.9821900116277444 0.003943498661968346
-0.10924707016940477 0.09143708179714954 0.003943498661968346
-0.9821900116277451 -0.10924707016940383 0.003943498661968346
-0.6952319949513697 -0.9957680448739203 0.001565332610878705
0.69100003982529 -0.6952319949513699 0.001565332610878705
-0.9957680448739201 0.6910000398252905 0.001565332610878705
0.6910000398252902 -0.9957680448739203 0.001565332610878705
-0.6952319949513692 0.6910000398252905 0.001565332610878705
-0.9957680448739206 -0.6952319949513688 0.001565332610878705
-0.4751720797813093 -0.47517207978130926 0.017580371786655637
-0.049655840437382304 -0.47517207978130926 0.017580371786655637
-0.47517207978130926 -0.04965584043738136 0.017580371786655637
-0.20496677994353718 -0.9934774531417376 0.0025293862047943436
0.19844423308527454 -0.20496677994353704 0.0025293862047943436
-0.9934774531417379 0.19844423308527576 0.0025293862047943436
0.19844423308527487 -0.9934774531417376 0.0025293862047943436
-0.2049667799435373 0.19844423308527465 0.0025293862047943436
-0.9934774531417374 -0.20496677994353704 0.0025293862047943436
-0.19436709882843614 -0.6112658023431276 0.016640733224651226
-0.19436709882843617 -0.1943670988284356 0.016640733224651226
-0.6112658023431281 -0.1943670988284356 0.016640733224651226
-0.6878424611930478 -0.9096642103737425 0.007114512521819031
0.5975066715667914 -0.6878424611930485 0.007114512521819031
-0.9096642103737427 0.5975066715667912 0.007114512521819031
0.5975066715667903 -0.9096642103737425 0.007114512521819031
-0.6878424611930476 0.5975066715667912 0.007114512521819031
-0.9096642103737433 -0.6878424611930474 0.007114512521819031
-0.053822068998671424 -0.892355862002657 0.010550376570322992
-0.05382206899867098 -0.05382206899867198 0.010550376570322992
-0.8923558620026566 -0.05382206899867087 0.010550376570322992
-0.6054086474468829 -0.9827879565884861 0.0036856653263510125
0.588196604035369 -0.605408647446882 0.0036856653263510125
-0.9827879565884865 0.5881966040353692 0.0036856653263510125
0.588196604035369 -0.9827879565884861 0.0036856653263510125
-0.6054086474468826 0.5881966040353692 0.0036856653263510125
-0.9827879565884869 -0.605408647446882 0.0036856653263510125
-0.8998123262001474 -0.9720512934968633 0.0026579598713083177
0.8718636196970109 -0.8998123262001476 0.0026579598713083177
-0.9720512934968635 0.8718636196970122 0.0026579598713083177
0.8718636196970107 -0.9720512934968633 0.0026579598713083177
-0.8998123262001481 0.8718636196970122 0.0026579598713083177
-0.972051293496863 -0.8998123262001476 0.0026579598713083177
-0.40228187397136145 -0.6250573350002111 0.018046825710212423
0.027339208971572826 -0.4022818739713616 0.018046825710212423
-0.6250573350002118 0.027339208971573603 0.018046825710212423
0.02733920897157255 -0.6250573350002111 0.018046825710212423
-0.4022818739713618 0.027339208971573603 0.018046825710212423
-0.6250573350002113 -0.40228187397136145 0.018046825710212423
-0.8742639019118676 -0.8742639019118685 0.005936413278103204
0.7485278038237364 -0.8742639019118685 0.005936413278103204
-0.8742639019118685 0.7485278038237373 0.005936413278103204
-0.11680513249013946 -0.7663897350197211 0.015210365061072699
-0.1168051324901393 -0.11680513249013943 0.015210365061072699
-0.7663897350197217 -0.11680513249013827 0.015210365061072699
-0.9607456800330574 -0.9607456800330589 0.0020262420654761646
0.9214913600661168 -0.9607456800330576 0.0020262420654761646
-0.9607456800330565 0.9214913600661132 0.0020262420654761646
-0.3304733134693373 -0.534555311848103 0.017211008988167662
-0.13497137468255946 -0.330473313469337 0.017211008988167662
-0.5345553118481035 -0.1349713746825589 0.017211008988167662
-0.1349713746825596 -0.534555311848103 0.017211008988167662
-0.3304733134693375 -0.1349713746825589 0.017211008988167662
-0.5345553118481036 -0.3304733134693369 0.017211008988167662
-0.5812543500472496 -0.9419962307706309 0.007220935993987673
0.5232505808178809 -0.5812543500472498 0.007220935993987673
-0.9419962307706302 0.5232505808178807 0.007220935993987673
0.5232505808178805 -0.9419962307706309 0.007220935993987673
-0.5812543500472493 0.5232505808178807 0.007220935993987673
-0.9419962307706318 -0.5812543500472486 0.007220935993987673
-0.7868705102772335 -0.8928650342644928 0.007047121534421602
0.6797355445417266 -0.7868705102772329 0.007047121534421602
-0.8928650342644928 0.6797355445417268 0.007047121534421602
0.6797355445417264 -0.8928650342644928 0.007047121534421602
-0.7868705102772331 0.6797355445417268 0.007047121534421602
-0.8928650342644935 -0.7868705102772329 0.007047121534421602
-0.3572747446609135 -0.993007611301713 0.002756153044012737
0.35028235596262675 -0.3572747446609134 0.002756153044012737
-0.9930076113017132 0.35028235596262663 0.002756153044012737
0.3502823559626265 -0.993007611301713 0.002756153044012737
-0.3572747446609133 0.35028235596262663 0.002756153044012737
-0.9930076113017134 -0.35727474466091286 0.002756153044012737
-0.5168259473040244 -0.9976479144063171 0.0013900591719037186
0.5144738617103413 -0.5168259473040245 0.0013900591719037186
-0.9976479144063168 0.5144738617103417 0.0013900591719037186
0.5144738617103415 -0.9976479144063171 0.0013900591719037186
-0.5168259473040249 0.5144738617103417 0.0013900591719037186
-0.9976479144063168 -0.5168259473040245 0.0013900591719037186
-0.33369380055847053 -0.7720921425117029 0.01625944119615596
0.10578594307017303 -0.3336938005584701 0.01625944119615596
-0.7720921425117031 0.10578594307017414 0.01625944119615596
0.10578594307017347 -0.7720921425117029 0.01625944119615596
-0.33369380055847003 0.10578594307017414 0.01625944119615596
-0.7720921425117031 -0.3336938005584698 0.01625944119615596
-0.6897668903733931 -0.8301228009768895 0.010979312719733424
0.5198896913502837 -0.6897668903733937 0.010979312719733424
-0.8301228009768897 0.5198896913502833 0.010979312719733424
0.5198896913502828 -0.8301228009768895 0.010979312719733424
-0.6897668903733931 0.5198896913502833 0.010979312719733424
-0.8301228009768906 -0.6897668903733924 0.010979312719733424
-0.2579716966450766 -0.6948696273055668 0.01647197464571654
-0.04715867604935603 -0.2579716966450759 0.01647197464571654
-0.694869627305567 -0.04715867604935575 0.01647197464571654
-0.047158676049356585 -0.6948696273055668 0.01647197464571654
-0.25797169664507613 -0.04715867604935575 0.01647197464571654
-0.6948696273055672 -0.25797169664507563 0.01647197464571654
-0.9194262623396123 -0.9194262623396134 0.0041296712531966534
0.8388525246792253 -0.9194262623396123 0.0041296712531966534
-0.9194262623396157 0.8388525246792315 0.0041296712531966534
-0.4582326763844556 -0.9727626437818468 0.005559547038725141
0.43099532016630265 -0.4582326763844553 0.005559547038725141
-0.9727626437818466 0.4309953201663033 0.005559547038725141
0.43099532016630243 -0.9727626437818468 0.005559547038725141
-0.45823267638445564 0.4309953201663033 0.005559547038725141
-0.9727626437818473 -0.4582326763844553 0.005559547038725141
-0.2949865031690675 -0.8875472251128951 0.012663563762966793
0.18253372828196252 -0.29498650316906694 0.012663563762966793
-0.8875472251128955 0.18253372828196318 0.012663563762966793
0.18253372828196252 -0.8875472251128951 0.012663563762966793
-0.29498650316906755 0.18253372828196318 0.012663563762966793
-0.8875472251128957 -0.29498650316906644 0.012663563762966793
-0.18855973444361923 -0.8364930211206234 0.013891421439883136
0.025052755564242635 -0.1885597344436192 0.013891421439883136
-0.8364930211206234 0.025052755564242746 0.013891421439883136
0.025052755564242746 -0.8364930211206234 0.013891421439883136
-0.18855973444361934 0.025052755564242746 0.013891421439883136
-0.8364930211206238 -0.18855973444361804 0.013891421439883136
-0.5621006379700033 -0.8727151396205053 0.011131882231372193
0.4348157775905089 -0.5621006379700035 0.011131882231372193
-0.8727151396205055 0.434815777590509 0.011131882231372193
0.43481577759050877 -0.8727151396205053 0.011131882231372193
-0.5621006379700035 0.434815777590509 0.011131882231372193
-0.8727151396205057 -0.5621006379700024 0.011131882231372193
-0.5865815038288712 -0.7692115583278516 0.014675220313525366
0.3557930621567224 -0.5865815038288706 0.014675220313525366
-0.7692115583278519 0.3557930621567233 0.014675220313525366
0.35579306215672285 -0.7692115583278516 0.014675220313525366
-0.5865815038288709 0.3557930621567233 0.014675220313525366
-0.7692115583278517 -0.5865815038288706 0.014675220313525366
-0.8029476906624142 -0.8029476906624154 0.010007279231114672
0.6058953813248302 -0.8029476906624143 0.010007279231114672
-0.8029476906624154 0.6058953813248309 0.010007279231114672
-0.48679782424181584 -0.7036257674333782 0.017422853247121714
0.19042359167519446 -0.48679782424181484 0.017422853247121714
-0.7036257674333781 0.19042359167519424 0.017422853247121714
0.19042359167519413 -0.7036257674333782 0.017422853247121714
-0.48679782424181506 0.19042359167519424 0.017422853247121714
-0.7036257674333786 -0.48679782424181484 0.017422853247121714
-0.7235874095775006 -0.9628042578772369 0.005473498865444039
0.6863916674547372 -0.7235874095775006 0.005473498865444039
-0.9628042578772367 0.6863916674547377 0.005473498865444039
0.6863916674547375 -0.9628042578772369 0.005473498865444039
-0.7235874095774998 0.6863916674547377 0.005473498865444039
-0.9628042578772382 -0.7235874095774995 0.005473498865444039
-0.7209310740213855 -0.7209310740213849 0.013438159624834805
0.4418621480427704 -0.7209310740213849 0.013438159624834805
-0.7209310740213855 0.4418621480427711 0.013438159624834805
-0.5569279789806163 -0.5569279789806155 0.018323817881874642
0.11385595796123177 -0.5569279789806155 0.018323817881874642
-0.5569279789806161 0.11385595796123221 0.018323817881874642
-0.14837958282903813 -0.9340579601461076 0.009403315161864377
0.08243754297514477 -0.1483795828290376 0.009403315161864377
-0.9340579601461081 0.08243754297514644 0.009403315161864377
0.08243754297514588 -0.9340579601461076 0.009403315161864377
-0.1483795828290376 0.08243754297514527 0.009403315161864377
-0.9340579601461072 -0.1483795828290376 0.009403315161864377
-0.6384993557294008 -0.6384993557294003 0.01674381327402599
0.27699871145880123 -0.6384993557294003 0.01674381327402599
-0.638499355729401 0.276998711458802 0.01674381327402599
-0.44054814609552007 -0.8292408968540919 0.014350017919865444
0.26978904294961187 -0.4405481460955196 0.014350017919865444
-0.8292408968540921 0.2697890429496122 0.014350017919865444
0.269789042949612 -0.8292408968540919 0.014350017919865444
-0.44054814609552007 0.2697890429496122 0.014350017919865444
-0.8292408968540923 -0.4405481460955192 0.014350017919865444
-0.955066632839578 -0.9927338883141319 0.000946493947600979
0.9478005211537102 -0.9550666328395783 0.000946493947600979
-0.9927338883141341 0.9478005211537148 0.000946493947600979
0.947800521153709 -0.9927338883141319 0.000946493947600979
-0.9550666328395798 0.9478005211537148 0.000946493947600979
-0.9927338883141323 -0.9550666328395772 0.000946493947600979
-0.832275482951089 -0.9479598446752717 0.005069324222735562
0.7802353276263618 -0.8322754829510894 0.005069324222735562
-0.9479598446752722 0.7802353276263625 0.005069324222735562
0.7802353276263609 -0.9479598446752717 0.005069324222735562
-0.8322754829510894 0.7802353276263625 0.005069324222735562
-0.9479598446752728 -0.8322754829510883 0.005069324222735562
-0.4303993071710628 -0.9210861476871244 0.010140314600022808
0.35148545485818766 -0.43039930717106334 0.010140314600022808
-0.9210861476871239 0.3514854548581878 0.010140314600022808
0.3514854548581871 -0.9210861476871244 0.010140314600022808
-0.4303993071710639 0.3514854548581878 0.010140314600022808
-0.9210861476871235 -0.4303993071710628 0.010140314600022808
-0.28681179292685227 -0.9604585645911834 0.008108144173768053
0.24727035751803622 -0.28681179292685227 0.008108144173768053
-0.9604585645911832 0.24727035751803667 0.008108144173768053
0.24727035751803578 -0.9604585645911834 0.008108144173768053
-0.2868117929268523 0.24727035751803667 0.008108144173768053
-0.9604585645911841 -0.2868117929268517 0.008108144173768053
-0.8051515377697243 -0.9899426051687454 0.002508956774482039
0.795094142938469 -0.805151537769724 0.002508956774482039
-0.989942605168745 0.7950941429384697 0.002508956774482039
0.7950941429384699 -0.9899426051687454 0.002508956774482039
-0.8051515377697238 0.7950941429384697 0.002508956774482039
-0.9899426051687465 -0.8051515377697228 0.002508956774482039
-0.9914455854630324 -0.9914455854630349 0.0004806674748096828
0.9828911709260679 -0.9914455854630337 0.0004806674748096828
-0.9914455854630337 0.9828911709260675 0.0004806674748096828
-0.00017355502754945462 -0.9996528899449011 0.0012551686821411258
-0.00017355502755050933 -0.0001735550275488995 0.0012551686821411258
-0.9996528899449004 -0.0001735550275488995 0.0012551686821411258
