-0.4899953278491614 -0.9354154720524612 0.006123366334136362
0.4254107999016224 -0.4899953278491608 0.006123366334136362
-0.9354154720524614 0.42541079990162317 0.006123366334136362
0.4254107999016226 -0.9354154720524612 0.006123366334136362
-0.48999532784916155 0.42541079990162317 0.006123366334136362
-0.9354154720524617 -0.4899953278491608 0.006123366334136362
-0.45775697279332017 -0.8117195803911836 0.009846543950580098
0.26947655318450375 -0.45775697279331956 0.009846543950580098
-0.8117195803911842 0.2694765531845044 0.009846543950580098
0.26947655318450386 -0.8117195803911836 0.009846543950580098
-0.45775697279332017 0.2694765531845044 0.009846543950580098
-0.8117195803911841 -0.45775697279331956 0.009846543950580098
-0.814622791030249 -0.87001265579152 0.0066474416867904635
0.6846354468217686 -0.8146227910302493 0.0066474416867904635
-0.8700126557915195 0.6846354468217692 0.0066474416867904635
0.6846354468217692 -0.87001265579152 0.0066474416867904635
-0.8146227910302488 0.6846354468217692 0.0066474416867904635
-0.87001265579152 -0.814622791030248 0.0066474416867904635
-0.3410912468308984 -0.8525726710931631 0.009485472986067512
0.1936639179240615 -0.341091246830899 0.009485472986067512
-0.8525726710931629 0.19366391792406196 0.009485472986067512
0.1936639179240615 -0.8525726710931631 0.009485472986067512
-0.341091246830899 0.19366391792406196 0.009485472986067512
-0.8525726710931627 -0.3410912468308985 0.009485472986067512
-0.423242317739116 -0.8998700237062158 0.0082276025852995
0.3231123414453319 -0.4232423177391158 0.0082276025852995
-0.8998700237062167 0.32311234144533335 0.0082276025852995
0.323112341445332 -0.8998700237062158 0.0082276025852995
-0.423242317739116 0.32311234144533213 0.0082276025852995
-0.8998700237062163 -0.42324231773911536 0.0082276025852995
-0.21565516718965286 -0.8682073230502103 0.010470685045787567
0.08386249023986297 -0.21565516718965183 0.010470685045787567
-0.8682073230502105 0.08386249023986331 0.010470685045787567
0.08386249023986214 -0.8682073230502103 0.010470685045787567
-0.2156551671896526 0.08386249023986331 0.010470685045787567
-0.868207323050211 -0.21565516718965183 0.010470685045787567
-0.9847554999688242 -0.9975317629444738 0.00026067985690530105
0.9822872629132984 -0.9847554999688244 0.00026067985690530105
-0.9975317629444711 0.9822872629132948 0.00026067985690530105
0.9822872629132979 -0.9975317629444738 0.00026067985690530105
-0.9847554999688226 0.9822872629132948 0.00026067985690530105
-0.9975317629444738 -0.9847554999688244 0.00026067985690530105
-0.17528531937273936 -0.6494293612545213 0.015340989035817276
-0.17528531937273933 -0.1752853193727393 0.015340989035817276
-0.6494293612545213 -0.1752853193727393 0.015340989035817276
-0.6435841267440485 -0.7886083453447809 0.010455408567876714
0.4321924720888292 -0.6435841267440485 0.010455408567876714
-0.7886083453447803 0.4321924720888293 0.010455408567876714
0.43219247208882944 -0.7886083453447809 0.010455408567876714
-0.6435841267440486 0.4321924720888293 0.010455408567876714
-0.7886083453447807 -0.6435841267440485 0.010455408567876714
-0.3795021370801729 -0.7522566592088982 0.013262275083097026
0.13175879628907133 -0.3795021370801726 0.013262275083097026
-0.7522566592088991 0.131758796289072 0.013262275083097026
0.1317587962890711 -0.7522566592088982 0.013262275083097026
-0.37950213708017244 0.1317587962890709 0.013262275083097026
-0.7522566592088988 -0.37950213708017216 0.013262275083097026
-0.12190323350831289 -0.7561935329833742 0.013752591418792294
-0.12190323350831284 -0.12190323350831228 0.013752591418792294
-0.7561935329833738 -0.12190323350831228 0.013752591418792294
-0.8341685957337492 -0.9943852047628674 0.0013904692794341536
0.8285538004966171 -0.8341685957337499 0.0013904692794341536
-0.994385204762869 0.8285538004966209 0.0013904692794341536
0.8285538004966169 -0.9943852047628674 0.0013904692794341536
-0.8341685957337512 0.8285538004966209 0.0013904692794341536
-0.9943852047628685 -0.8341685957337488 0.0013904692794341536
-0.240722641306114 -0.778620443347958 0.013836744974785138
0.019343084654070697 -0.24072264130611343 0.013836744974785138
-0.778620443347958 0.019343084654071918 0.013836744974785138
0.01934308465407103 -0.778620443347958 0.013836744974785138
-0.24072264130611393 0.019343084654071918 0.013836744974785138
-0.7786204433479573 -0.24072264130611318 0.013836744974785138
-0.5298953490835727 -0.5298953490835724 0.016135995433276457
0.05979069816714527 -0.5298953490835724 0.016135995433276457
-0.5298953490835724 0.059790698167144885 0.016135995433276457
-0.6038634157709134 -0.9944871547725891 0.0020354136987098324
0.5983505705435019 -0.6038634157709137 0.0020354136987098324
-0.9944871547725884 0.5983505705435028 0.0020354136987098324
0.5983505705435026 -0.9944871547725891 0.0020354136987098324
-0.6038634157709133 0.5983505705435028 0.0020354136987098324
-0.9944871547725886 -0.6038634157709126 0.0020354136987098324
-0.7041041093558538 -0.8558966018079686 0.009061982594129069
0.5600007111638219 -0.7041041093558539 0.009061982594129069
-0.8558966018079681 0.5600007111638226 0.009061982594129069
0.5600007111638223 -0.8558966018079686 0.009061982594129069
-0.704104109355854 0.5600007111638226 0.009061982594129069
-0.8558966018079681 -0.7041041093558539 0.009061982594129069
-0.5415944668930655 -0.9711427768586312 0.004758560991277136
0.5127372437516968 -0.5415944668930656 0.004758560991277136
-0.9711427768586318 0.5127372437516979 0.004758560991277136
0.5127372437516966 -0.9711427768586312 0.004758560991277136
-0.5415944668930653 0.5127372437516966 0.004758560991277136
-0.9711427768586318 -0.5415944668930643 0.004758560991277136
-0.28505229931123083 -0.9945148666051762 0.0024337582194108873
0.27956716591640746 -0.2850522993112309 0.0024337582194108873
-0.9945148666051757 0.2795671659164078 0.0024337582194108873
0.2795671659164071 -0.9945148666051762 0.0024337582194108873
-0.2850522993112309 0.2795671659164078 0.0024337582194108873
-0.9945148666051769 -0.2850522993112303 0.0024337582194108873
-0.7495006555411245 -0.9219513403155688 0.006226054480756626
0.6714519958566934 -0.7495006555411245 0.006226054480756626
-0.9219513403155681 0.6714519958566936 0.006226054480756626
0.6714519958566936 -0.9219513403155688 0.006226054480756626
-0.7495006555411245 0.6714519958566936 0.006226054480756626
-0.9219513403155692 -0.7495006555411234 0.006226054480756626
-0.9580388707991874 -0.985050673068133 0.0012963706656262564
0.9430895438673208 -0.9580388707991874 0.0012963706656262564
-0.9850506730681321 0.9430895438673192 0.0012963706656262564
0.9430895438673206 -0.985050673068133 0.0012963706656262564
-0.9580388707991865 0.9430895438673192 0.0012963706656262564
-0.9850506730681332 -0.9580388707991874 0.0012963706656262564
-0.46173677651198036 -0.6488564427969612 0.016690329492109093
0.11059321930894223 -0.4617367765119803 0.016690329492109093
-0.6488564427969619 0.11059321930894284 0.016690329492109093
0.11059321930894167 -0.6488564427969612 0.016690329492109093
-0.4617367765119807 0.11059321930894284 0.016690329492109093
-0.6488564427969619 -0.4617367765119803 0.016690329492109093
-0.6983565304402163 -0.6983565304402175 0.012342121362902983
0.3967130608804332 -0.6983565304402163 0.012342121362902983
-0.6983565304402168 0.39671306088043373 0.012342121362902983
-0.30756025515621277 -0.6575464822984944 0.01780760569850366
-0.034893262545292625 -0.30756025515621266 0.01780760569850366
-0.6575464822984951 -0.0348932625452919 0.01780760569850366
-0.034893262545292736 -0.6575464822984944 0.01780760569850366
-0.30756025515621244 -0.03489326254529307 0.01780760569850366
-0.6575464822984948 -0.3075602551562123 0.01780760569850366
-0.11522451468386297 -0.9313877130918127 0.009527627938776562
0.0466122277756752 -0.11522451468386233 0.009527627938776562
-0.9313877130918131 0.046612227775676196 0.009527627938776562
0.04661222777567575 -0.9313877130918127 0.009527627938776562
-0.11522451468386305 0.046612227775676196 0.009527627938776562
-0.9313877130918129 -0.11522451468386233 0.009527627938776562
-0.4507322325546818 -0.9939407289763063 0.0024662869828749002
0.44467296153098795 -0.45073223255468187 0.0024662869828749002
-0.9939407289763049 0.4446729615309882 0.0024662869828749002
0.4446729615309882 -0.9939407289763063 0.0024662869828749002
-0.45073223255468203 0.4446729615309882 0.0024662869828749002
-0.993940728976306 -0.45073223255468187 0.0024662869828749002
-0.5525974306897119 -0.8550260830887122 0.010562072470732159
0.40762351377842393 -0.5525974306897117 0.010562072470732159
-0.855026083088712 0.40762351377842393 0.010562072470732159
0.40762351377842404 -0.8550260830887122 0.010562072470732159
-0.5525974306897119 0.40762351377842393 0.010562072470732159
-0.8550260830887122 -0.5525974306897117 0.010562072470732159
-0.5470541049767406 -0.7323659533186728 0.014407916326102013
0.279420058295412 -0.5470541049767399 0.014407916326102013
-0.7323659533186719 0.27942005829541267 0.014407916326102013
0.27942005829541333 -0.7323659533186728 0.014407916326102013
-0.5470541049767403 0.27942005829541267 0.014407916326102013
-0.7323659533186719 -0.5470541049767399 0.014407916326102013
-0.6732760663412592 -0.9646515595234995 0.005100092932702611
0.6379276258647588 -0.6732760663412597 0.005100092932702611
-0.9646515595234995 0.637927625864759 0.005100092932702611
0.6379276258647588 -0.9646515595234995 0.005100092932702611
-0.6732760663412595 0.637927625864759 0.005100092932702611
-0.9646515595234997 -0.6732760663412585 0.005100092932702611
-0.6184174542912421 -0.9155835659208358 0.008186242314805315
0.5340010202120782 -0.6184174542912425 0.008186242314805315
-0.9155835659208351 0.5340010202120784 0.008186242314805315
0.534001020212078 -0.9155835659208358 0.008186242314805315
-0.6184174542912422 0.5340010202120784 0.008186242314805315
-0.9155835659208362 -0.6184174542912413 0.008186242314805315
-0.2836682587371384 -0.9311673592060212 0.008938783487225275
0.21483561794315925 -0.28366825873713847 0.008938783487225275
-0.9311673592060212 0.2148356179431607 0.008938783487225275
0.21483561794315958 -0.9311673592060212 0.008938783487225275
-0.28366825873713875 0.21483561794315958 0.008938783487225275
-0.931167359206021 -0.28366825873713813 0.008938783487225275
-0.8012300215898951 -0.9650940194779596 0.004202444846070491
0.7663240410678549 -0.8012300215898958 0.004202444846070491
-0.9650940194779589 0.7663240410678556 0.004202444846070491
0.7663240410678549 -0.9650940194779596 0.004202444846070491
-0.8012300215898958 0.7663240410678556 0.004202444846070491
-0.9650940194779591 -0.8012300215898958 0.004202444846070491
-0.09953420421669512 -0.997544330310554 0.0016441782146284377
0.0970785345272494 -0.09953420421669473 0.0016441782146284377
-0.997544330310554 0.0970785345272499 0.0016441782146284377
0.09707853452724924 -0.997544330310554 0.0016441782146284377
-0.09953420421669493 0.0970785345272499 0.0016441782146284377
-0.9975443303105536 -0.09953420421669473 0.0016441782146284377
-0.0714524447306597 -0.8570951105386806 0.01332246724249513
-0.07145244473066009 -0.0714524447306597 0.01332246724249513
-0.8570951105386801 -0.0714524447306597 0.01332246724249513
-0.39027941402664146 -0.5274736198673831 0.02042669123105828
-0.08224696610597543 -0.3902794140266411 0.02042669123105828
-0.5274736198673826 -0.08224696610597593 0.02042669123105828
-0.08224696610597548 -0.5274736198673831 0.02042669123105828
-0.3902794140266413 -0.08224696610597593 0.02042669123105828
-0.5274736198673835 -0.390279414026641 0.02042669123105828
-0.3728327874586097 -0.9689541429425366 0.0060804427096602
0.34178693040114577 -0.3728327874586095 0.0060804427096602
-0.9689541429425363 0.341786930401147 0.0060804427096602
0.3417869304011462 -0.9689541429425366 0.0060804427096602
-0.3728327874586095 0.341786930401147 0.0060804427096602
-0.9689541429425363 -0.37283278745860915 0.0060804427096602
-0.7303874234666338 -0.9923039084583105 0.002219220307234126
0.7226913319249444 -0.7303874234666345 0.002219220307234126
-0.9923039084583094 0.7226913319249451 0.002219220307234126
0.7226913319249444 -0.9923039084583105 0.002219220307234126
-0.7303874234666345 0.7226913319249451 0.002219220307234126
-0.9923039084583103 -0.7303874234666333 0.002219220307234126
-0.6176772762453822 -0.6176772762453817 0.01618645015137821
0.2353545524907638 -0.6176772762453817 0.01618645015137821
-0.6176772762453822 0.23535455249076448 0.01618645015137821
-0.8683436151343598 -0.9238550613539744 0.005333802332006906
0.7921986764883344 -0.8683436151343606 0.005333802332006906
-0.9238550613539738 0.7921986764883351 0.005333802332006906
0.7921986764883342 -0.9238550613539744 0.005333802332006906
-0.8683436151343604 0.7921986764883351 0.005333802332006906
-0.9238550613539742 -0.8683436151343595 0.005333802332006906
-0.9412999018131454 -0.9412999018131469 0.003134847422301751
0.8825998036262919 -0.9412999018131456 0.003134847422301751
-0.9412999018131469 0.8825998036262939 0.003134847422301751
-0.3837095620178135 -0.3837095620178132 0.022016552323427245
-0.23258087596437327 -0.3837095620178132 0.022016552323427245
-0.3837095620178135 -0.23258087596437288 0.022016552323427245
-0.8936143121610842 -0.9756594916921195 0.0026712175281300428
0.8692738038532044 -0.8936143121610849 0.0026712175281300428
-0.97565949169212 0.8692738038532055 0.0026712175281300428
0.8692738038532037 -0.9756594916921195 0.0026712175281300428
-0.8936143121610849 0.8692738038532055 0.0026712175281300428
-0.97565949169212 -0.8936143121610838 0.0026712175281300428
-0.777643470423238 -0.777643470423238 0.010847097848265139
0.555286940846476 -0.777643470423238 0.010847097848265139
-0.7776434704232387 0.5552869408464773 0.010847097848265139
-0.918704074728083 -0.9982828819106317 0.0005323556477868844
0.9169869566387145 -0.9187040747280828 0.0005323556477868844
-0.998282881910632 0.9169869566387157 0.0005323556477868844
0.916986956638715 -0.9982828819106317 0.0005323556477868844
-0.9187040747280828 0.9169869566387157 0.0005323556477868844
-0.9982828819106326 -0.9187040747280828 0.0005323556477868844
-0.18710486557543005 -0.9753283243793458 0.00577537398264304
0.162433189954776 -0.18710486557542996 0.00577537398264304
-0.9753283243793449 0.16243318995477585 0.00577537398264304
0.16243318995477596 -0.9753283243793458 0.00577537398264304
-0.1871048655754299 0.16243318995477585 0.00577537398264304
-0.975328324379346 -0.18710486557542996 0.00577537398264304
-0.23799530079311612 -0.5240093984137677 0.021012692013634197
-0.237995300793116 -0.23799530079311593 0.021012692013634197
-0.524009398413768 -0.23799530079311582 0.021012692013634197
-0.01103800650459924 -0.9779239869908014 0.005791831526937131
-0.011038006504598352 -0.01103800650459924 0.005791831526937131
-0.9779239869908019 -0.011038006504598075 0.005791831526937131
