-0.3333333333333330 -0.3333333333333330 0.0292154211426040
-0.0292444466091370 -0.0292444466091370 0.0136152737176120
-0.9415111067817260 -0.0292444466091370 0.0136152737176120
-0.0292444466091370 -0.9415111067817260 0.0136152737176120
-0.1328437218143400 -0.1328437218143400 0.0309511028706600
-0.7343125563713210 -0.1328437218143400 0.0309511028706600
-0.1328437218143400 -0.7343125563713210 0.0309511028706600
-0.2249400145029690 -0.2249400145029690 0.0317331867247620
-0.5501199709940630 -0.2249400145029690 0.0317331867247620
-0.2249400145029690 -0.5501199709940630 0.0317331867247620
-0.4277867839499240 -0.4277867839499240 0.0315598559284890
-0.1444264321001510 -0.4277867839499240 0.0315598559284890
-0.4277867839499240 -0.1444264321001510 0.0315598559284890
-0.5327762061620910 -0.5327762061620910 0.0278637003703540
0.0655524123241820 -0.5327762061620910 0.0278637003703540
-0.5327762061620910 0.0655524123241820 0.0278637003703540
-0.6903681131753910 -0.6903681131753910 0.0197503057372750
0.3807362263507820 -0.6903681131753910 0.0197503057372750
-0.6903681131753910 0.3807362263507820 0.0197503057372750
-0.7814990701703480 -0.7814990701703480 0.0156354989452030
0.5629981403406950 -0.7814990701703480 0.0156354989452030
-0.7814990701703480 0.5629981403406950 0.0156354989452030
-0.8627045252202760 -0.8627045252202760 0.0104328654469860
0.7254090504405510 -0.8627045252202760 0.0104328654469860
-0.8627045252202760 0.7254090504405510 0.0104328654469860
-0.9329610915353360 -0.9329610915353360 0.0058527244726000
0.8659221830706710 -0.9329610915353360 0.0058527244726000
-0.9329610915353360 0.8659221830706710 0.0058527244726000
-0.9868113819647740 -0.9868113819647740 0.0011348790071650
0.9736227639295491 -0.9868113819647740 0.0011348790071650
-0.9868113819647740 0.9736227639295491 0.0011348790071650
-0.7170555038630970 0.7164190630261260 0.0013757954597830
0.7164190630261260 -0.7170555038630970 0.0013757954597830
-0.9993635591630300 0.7164190630261260 0.0013757954597830
0.7164190630261260 -0.9993635591630300 0.0013757954597830
-0.9993635591630300 -0.7170555038630970 0.0013757954597830
-0.7170555038630970 -0.9993635591630300 0.0013757954597830
-0.8388222211328050 0.8275440310589030 0.0030888794159370
0.8275440310589030 -0.8388222211328050 0.0030888794159370
-0.9887218099260980 0.8275440310589030 0.0030888794159370
0.8275440310589030 -0.9887218099260980 0.0030888794159370
-0.9887218099260980 -0.8388222211328050 0.0030888794159370
-0.8388222211328050 -0.9887218099260980 0.0030888794159370
-0.5376308064976540 0.5261289431721450 0.0056251493243460
0.5261289431721450 -0.5376308064976540 0.0056251493243460
-0.9884981366744910 0.5261289431721450 0.0056251493243460
0.5261289431721450 -0.9884981366744910 0.0056251493243460
-0.9884981366744910 -0.5376308064976540 0.0056251493243460
-0.5376308064976540 -0.9884981366744910 0.0056251493243460
-0.1138429881209760 0.1032735801343090 0.0059131053728990
0.1032735801343090 -0.1138429881209760 0.0059131053728990
-0.9894305920133331 0.1032735801343100 0.0059131053728990
0.1032735801343100 -0.9894305920133331 0.0059131053728990
-0.9894305920133331 -0.1138429881209760 0.0059131053728990
-0.1138429881209760 -0.9894305920133331 0.0059131053728990
-0.3308499088396510 0.3205151527158890 0.0055657834388440
0.3205151527158890 -0.3308499088396510 0.0055657834388440
-0.9896652438762380 0.3205151527158890 0.0055657834388440
0.3205151527158890 -0.9896652438762380 0.0055657834388440
-0.9896652438762380 -0.3308499088396510 0.0055657834388440
-0.3308499088396510 -0.9896652438762380 0.0055657834388440
-0.9318691794897890 0.9192224538670720 0.0024495404561720
0.9192224538670720 -0.9318691794897890 0.0024495404561720
-0.9873532743772830 0.9192224538670720 0.0024495404561720
0.9192224538670720 -0.9873532743772830 0.0024495404561720
-0.9873532743772830 -0.9318691794897890 0.0024495404561720
-0.9318691794897890 -0.9873532743772830 0.0024495404561720
-0.6951239772809350 0.6637059242877100 0.0079066437589420
0.6637059242877100 -0.6951239772809350 0.0079066437589420
-0.9685819470067750 0.6637059242877100 0.0079066437589420
0.6637059242877100 -0.9685819470067750 0.0079066437589420
-0.9685819470067750 -0.6951239772809350 0.0079066437589420
-0.6951239772809350 -0.9685819470067750 0.0079066437589420
-0.8318698092558260 0.7777366548958600 0.0072219694653270
0.7777366548958600 -0.8318698092558260 0.0072219694653270
-0.9458668456400350 0.7777366548958600 0.0072219694653270
0.7777366548958600 -0.9458668456400350 0.0072219694653270
-0.9458668456400350 -0.8318698092558260 0.0072219694653270
-0.8318698092558260 -0.9458668456400350 0.0072219694653270
-0.4232114203197190 0.3749951607601600 0.0087079300880360
0.3749951607601600 -0.4232114203197190 0.0087079300880360
-0.9517837404404410 0.3749951607601600 0.0087079300880360
0.3749951607601600 -0.9517837404404410 0.0087079300880360
-0.9517837404404410 -0.4232114203197190 0.0087079300880360
-0.4232114203197190 -0.9517837404404410 0.0087079300880360
-0.2239625541049020 0.1715096388490870 0.0112564647406660
0.1715096388490870 -0.2239625541049020 0.0112564647406660
-0.9475470847441850 0.1715096388490870 0.0112564647406660
0.1715096388490870 -0.9475470847441850 0.0112564647406660
-0.9475470847441850 -0.2239625541049020 0.0112564647406660
-0.2239625541049020 -0.9475470847441850 0.0112564647406660
-0.5669268201942620 0.4909234264398710 0.0132694377242430
0.4909234264398710 -0.5669268201942620 0.0132694377242430
-0.9239966062456090 0.4909234264398710 0.0132694377242430
0.4909234264398710 -0.9239966062456090 0.0132694377242430
-0.9239966062456090 -0.5669268201942620 0.0132694377242430
-0.5669268201942620 -0.9239966062456090 0.0132694377242430
-0.3507873363493220 0.2456775289441820 0.0130461467955760
0.2456775289441820 -0.3507873363493220 0.0130461467955760
-0.8948901925948600 0.2456775289441820 0.0130461467955760
0.2456775289441820 -0.8948901925948600 0.0130461467955760
-0.8948901925948600 -0.3507873363493220 0.0130461467955760
-0.3507873363493220 -0.8948901925948600 0.0130461467955760
-0.7296136109362030 0.6222558715162850 0.0129474183299030
0.6222558715162850 -0.7296136109362030 0.0129474183299030
-0.8926422605800810 0.6222558715162850 0.0129474183299030
0.6222558715162850 -0.8926422605800810 0.0129474183299030
-0.8926422605800810 -0.7296136109362030 0.0129474183299030
-0.7296136109362030 -0.8926422605800810 0.0129474183299030
-0.1762096802352510 0.0354101464574450 0.0213138116279660
0.0354101464574450 -0.1762096802352510 0.0213138116279660
-0.8592004662221940 0.0354101464574450 0.0213138116279660
0.0354101464574450 -0.8592004662221940 0.0213138116279660
-0.8592004662221940 -0.1762096802352510 0.0213138116279660
-0.1762096802352510 -0.8592004662221940 0.0213138116279660
-0.4691716566485100 0.3046860112440020 0.0171768915289360
0.3046860112440020 -0.4691716566485100 0.0171768915289360
-0.8355143545954919 0.3046860112440020 0.0171768915289360
0.3046860112440020 -0.8355143545954919 0.0171768915289360
-0.8355143545954919 -0.4691716566485100 0.0171768915289360
-0.4691716566485100 -0.8355143545954919 0.0171768915289360
-0.6237360938914710 0.4434795457259700 0.0177633999819690
0.4434795457259700 -0.6237360938914710 0.0177633999819690
-0.8197434518344990 0.4434795457259700 0.0177633999819690
0.4434795457259700 -0.8197434518344990 0.0177633999819690
-0.8197434518344990 -0.6237360938914710 0.0177633999819690
-0.6237360938914710 -0.8197434518344990 0.0177633999819690
-0.3366320623945000 0.1048475675080360 0.0238283985610900
0.1048475675080360 -0.3366320623945000 0.0238283985610900
-0.7682155051135360 0.1048475675080360 0.0238283985610900
0.1048475675080360 -0.7682155051135360 0.0238283985610900
-0.7682155051135360 -0.3366320623945000 0.0238283985610900
-0.3366320623945000 -0.7682155051135360 0.0238283985610900
-0.5304046899745520 0.2241950048637780 0.0267647887890160
0.2241950048637780 -0.5304046899745520 0.0267647887890160
-0.6937903148892270 0.2241950048637780 0.0267647887890160
0.2241950048637780 -0.6937903148892270 0.0267647887890160
-0.6937903148892270 -0.5304046899745520 0.0267647887890160
-0.5304046899745520 -0.6937903148892270 0.0267647887890160
-0.3508316841372420 -0.0195081337700360 0.0289778450060280
-0.0195081337700360 -0.3508316841372420 0.0289778450060280
-0.6296601820927220 -0.0195081337700360 0.0289778450060280
-0.0195081337700360 -0.6296601820927220 0.0289778450060280
-0.6296601820927220 -0.3508316841372420 0.0289778450060280
-0.3508316841372420 -0.6296601820927220 0.0289778450060280