-0.3333333333333330 -0.3333333333333330 0.0924212023218490
-0.0157964369592130 -0.0157964369592130 0.0279916527347240
-0.9684071260815740 -0.0157964369592130 0.0279916527347240
-0.0157964369592130 -0.9684071260815740 0.0279916527347240
-0.0873762990467850 -0.0873762990467850 0.0364067635964240
-0.8252474019064310 -0.0873762990467850 0.0364067635964240
-0.0873762990467850 -0.8252474019064310 0.0364067635964240
-0.6404980985340450 -0.6404980985340450 0.0627294233272510
0.2809961970680910 -0.6404980985340450 0.0627294233272510
-0.6404980985340450 0.2809961970680910 0.0627294233272510
-0.8282115918785490 -0.8282115918785490 0.0322171701926730
0.6564231837570990 -0.8282115918785490 0.0322171701926730
-0.8282115918785490 0.6564231837570990 0.0322171701926730
-0.9778827672956500 -0.9778827672956500 0.0036767925756480
0.9557655345912990 -0.9778827672956500 0.0036767925756480
-0.9778827672956500 0.9557655345912990 0.0036767925756480
-0.6485948496992530 0.6195349544551850 0.0190756863133070
0.6195349544551850 -0.6485948496992530 0.0190756863133070
-0.9709401047559330 0.6195349544551850 0.0190756863133070
0.6195349544551850 -0.9709401047559330 0.0190756863133070
-0.9709401047559330 -0.6485948496992530 0.0190756863133070
-0.6485948496992530 -0.9709401047559330 0.0190756863133070
-0.3550890581610320 0.3247034484638380 0.0251113367233230
0.3247034484638380 -0.3550890581610320 0.0251113367233230
-0.9696143903028061 0.3247034484638380 0.0251113367233230
0.3247034484638380 -0.9696143903028061 0.0251113367233230
-0.9696143903028061 -0.3550890581610320 0.0251113367233230
-0.3550890581610320 -0.9696143903028061 0.0251113367233230
-0.8630827251863440 0.8298101651740040 0.0141345107430400
0.8298101651740040 -0.8630827251863440 0.0141345107430400
-0.9667274399876600 0.8298101651740040 0.0141345107430400
0.8298101651740040 -0.9667274399876600 0.0141345107430400
-0.9667274399876600 -0.8630827251863440 0.0141345107430400
-0.8630827251863440 -0.9667274399876600 0.0141345107430400
-0.6501104711514279 0.5119105251906040 0.0252555436724960
0.5119105251906040 -0.6501104711514279 0.0252555436724960
-0.8618000540391760 0.5119105251906040 0.0252555436724960
0.5119105251906040 -0.8618000540391760 0.0252555436724960
-0.8618000540391760 -0.6501104711514279 0.0252555436724960
-0.6501104711514279 -0.8618000540391760 0.0252555436724960
-0.2826243668420350 0.1310653596252170 0.0384328525208490
0.1310653596252170 -0.2826243668420350 0.0384328525208490
-0.8484409927831820 0.1310653596252170 0.0384328525208490
0.1310653596252170 -0.8484409927831820 0.0384328525208490
-0.8484409927831820 -0.2826243668420350 0.0384328525208490
-0.2826243668420350 -0.8484409927831820 0.0384328525208490
-0.5001217112903050 0.3335660614538170 0.0329932912116060
0.3335660614538170 -0.5001217112903050 0.0329932912116060
-0.8334443501635120 0.3335660614538170 0.0329932912116060
0.3335660614538170 -0.8334443501635120 0.0329932912116060
-0.8334443501635120 -0.5001217112903050 0.0329932912116060
-0.5001217112903050 -0.8334443501635120 0.0329932912116060
-0.3533089531977780 -0.0275388337366480 0.0814156772150440
-0.0275388337366480 -0.3533089531977780 0.0814156772150440
-0.6191522130655730 -0.0275388337366480 0.0814156772150440
-0.0275388337366480 -0.6191522130655730 0.0814156772150440
-0.6191522130655730 -0.3533089531977780 0.0814156772150440
-0.3533089531977780 -0.6191522130655730 0.0814156772150440