-0.3333333333333330 -0.3333333333333330 0.0521348919867750
-0.0059806793194370 -0.0059806793194370 0.0021275593426190
-0.9880386413611260 -0.0059806793194370 0.0021275593426190
-0.0059806793194370 -0.9880386413611260 0.0021275593426190
-0.1122896155721670 -0.1122896155721670 0.0402434297302810
-0.7754207688556650 -0.1122896155721670 0.0402434297302810
-0.1122896155721670 -0.7754207688556650 0.0402434297302810
-0.2090826739235900 -0.2090826739235900 0.0483405508962140
-0.5818346521528200 -0.2090826739235900 0.0483405508962140
-0.2090826739235900 -0.5818346521528200 0.0483405508962140
-0.4677128943501610 -0.4677128943501610 0.0473784707212830
-0.0645742112996790 -0.4677128943501610 0.0473784707212830
-0.4677128943501610 -0.0645742112996790 0.0473784707212830
-0.6162762520228170 -0.6162762520228170 0.0402311090117980
0.2325525040456350 -0.6162762520228170 0.0402311090117980
-0.6162762520228170 0.2325525040456350 0.0402311090117980
-0.7552467566312240 -0.7552467566312240 0.0278999198455370
0.5104935132624480 -0.7552467566312240 0.0278999198455370
-0.7552467566312240 0.5104935132624480 0.0278999198455370
-0.8935625588921920 -0.8935625588921920 0.0123509497449930
0.7871251177843840 -0.8935625588921920 0.0123509497449930
-0.8935625588921920 0.7871251177843840 0.0123509497449930
-0.9431055368271990 -0.9431055368271990 0.0030397053168050
0.8862110736543990 -0.9431055368271990 0.0030397053168050
-0.9431055368271990 0.8862110736543990 0.0030397053168050
-0.9917862965358750 -0.9917862965358750 0.0006916716308890
0.9835725930717500 -0.9917862965358750 0.0006916716308890
-0.9917862965358750 0.9835725930717500 0.0006916716308890
-0.4136671919867280 0.4014913770655930 0.0080221984052860
0.4014913770655930 -0.4136671919867280 0.0080221984052860
-0.9878241850788640 0.4014913770655930 0.0080221984052860
0.4014913770655930 -0.9878241850788640 0.0080221984052860
-0.9878241850788650 -0.4136671919867280 0.0080221984052860
-0.4136671919867280 -0.9878241850788650 0.0080221984052860
-0.9320528698260671 0.9184902198988980 0.0030909749336370
0.9184902198988980 -0.9320528698260671 0.0030909749336370
-0.9864373500728300 0.9184902198988980 0.0030909749336370
0.9184902198988980 -0.9864373500728300 0.0030909749336370
-0.9864373500728300 -0.9320528698260671 0.0030909749336370
-0.9320528698260671 -0.9864373500728300 0.0030909749336370
-0.6405994644698240 0.6238680588571170 0.0086312140561780
0.6238680588571170 -0.6405994644698240 0.0086312140561780
-0.9832685943872930 0.6238680588571160 0.0086312140561780
0.6238680588571160 -0.9832685943872930 0.0086312140561780
-0.9832685943872930 -0.6405994644698240 0.0086312140561780
-0.6405994644698240 -0.9832685943872930 0.0086312140561780
-0.1584115708121040 0.1408904299393850 0.0108974579440700
0.1408904299393850 -0.1584115708121040 0.0108974579440700
-0.9824788591272819 0.1408904299393850 0.0108974579440700
0.1408904299393850 -0.9824788591272819 0.0108974579440700
-0.9824788591272819 -0.1584115708121040 0.0108974579440700
-0.1584115708121040 -0.9824788591272819 0.0108974579440700
-0.8148062165649220 0.7934591883937940 0.0080015512639500
0.7934591883937940 -0.8148062165649220 0.0080015512639500
-0.9786529718288730 0.7934591883937950 0.0080015512639500
0.7934591883937950 -0.9786529718288730 0.0080015512639500
-0.9786529718288730 -0.8148062165649220 0.0080015512639500
-0.8148062165649220 -0.9786529718288730 0.0080015512639500
-0.3639605893315570 0.2951126276906320 0.0177454340821410
0.2951126276906320 -0.3639605893315570 0.0177454340821410
-0.9311520383590750 0.2951126276906320 0.0177454340821410
0.2951126276906320 -0.9311520383590750 0.0177454340821410
-0.9311520383590750 -0.3639605893315570 0.0177454340821410
-0.3639605893315570 -0.9311520383590750 0.0177454340821410
-0.5703233843142850 0.4910023740480800 0.0179506721072470
0.4910023740480800 -0.5703233843142850 0.0179506721072470
-0.9206789897337950 0.4910023740480800 0.0179506721072470
0.4910023740480800 -0.9206789897337950 0.0179506721072470
-0.9206789897337950 -0.5703233843142850 0.0179506721072470
-0.5703233843142850 -0.9206789897337950 0.0179506721072470
-0.1346367076031690 0.0471579433717270 0.0192286761917020
0.0471579433717270 -0.1346367076031690 0.0192286761917020
-0.9125212357685570 0.0471579433717270 0.0192286761917020
0.0471579433717270 -0.9125212357685570 0.0192286761917020
-0.9125212357685570 -0.1346367076031690 0.0192286761917020
-0.1346367076031690 -0.9125212357685570 0.0192286761917020
-0.7528046623769140 0.6492013550968840 0.0191004559426230
0.6492013550968840 -0.7528046623769140 0.0191004559426230
-0.8963966927199700 0.6492013550968840 0.0191004559426230
0.6492013550968840 -0.8963966927199700 0.0191004559426230
-0.8963966927199700 -0.7528046623769140 0.0191004559426230
-0.7528046623769140 -0.8963966927199700 0.0191004559426230
-0.3286386451865420 0.1611765529036250 0.0280837391506360
0.1611765529036250 -0.3286386451865420 0.0280837391506360
-0.8325379077170830 0.1611765529036250 0.0280837391506360
0.1611765529036250 -0.8325379077170830 0.0280837391506360
-0.8325379077170830 -0.3286386451865420 0.0280837391506360
-0.3286386451865420 -0.8325379077170830 0.0280837391506360
-0.5599390690938640 0.3618610763432490 0.0318749156326070
0.3618610763432490 -0.5599390690938640 0.0318749156326070
-0.8019220072493850 0.3618610763432490 0.0318749156326070
0.3618610763432490 -0.8019220072493850 0.0318749156326070
-0.8019220072493850 -0.5599390690938640 0.0318749156326070
-0.5599390690938640 -0.8019220072493850 0.0318749156326070
-0.3881961351291820 0.0686177739779010 0.0408652118385840
0.0686177739779010 -0.3881961351291820 0.0408652118385840
-0.6804216388487180 0.0686177739779010 0.0408652118385840
0.0686177739779010 -0.6804216388487180 0.0408652118385840
-0.6804216388487180 -0.3881961351291820 0.0408652118385840
-0.3881961351291820 -0.6804216388487180 0.0408652118385840