-0.3333333333333330 -0.3333333333333330 0.0976498802566180
-0.1783695129064050 -0.1783695129064050 0.0908303924352570
-0.6432609741871910 -0.1783695129064050 0.0908303924352570
-0.1783695129064050 -0.6432609741871910 0.0908303924352570
-0.5421608664188190 -0.5421608664188190 0.0936881722983980
0.0843217328376390 -0.5421608664188190 0.0936881722983980
-0.5421608664188190 0.0843217328376390 0.0936881722983980
-0.7710837022511750 -0.7710837022511750 0.0626366257669140
0.5421674045023500 -0.7710837022511750 0.0626366257669140
-0.7710837022511750 0.5421674045023500 0.0626366257669140
-0.9512227621539230 -0.9512227621539230 0.0153841230587570
0.9024455243078470 -0.9512227621539230 0.0153841230587570
-0.9512227621539230 0.9024455243078470 0.0153841230587570
-0.0711240448934910 -0.0711240448934910 0.0633364118506750
-0.8577519102130180 -0.0711240448934910 0.0633364118506750
-0.0711240448934910 -0.8577519102130180 0.0633364118506750
0.0894975989205450 -0.9725670070805960 0.0173631128952140
-0.9725670070805960 0.0894975989205450 0.0173631128952140
-0.1169305918399480 -0.9725670070805960 0.0173631128952140
-0.9725670070805960 -0.1169305918399480 0.0173631128952140
-0.1169305918399480 0.0894975989205450 0.0173631128952140
0.0894975989205450 -0.1169305918399480 0.0173631128952140
0.7083035768933520 -0.7528274059740010 0.0302035193131960
-0.7528274059740010 0.7083035768933520 0.0302035193131960
-0.9554761709193510 -0.7528274059740010 0.0302035193131960
-0.7528274059740010 -0.9554761709193510 0.0302035193131960
-0.9554761709193510 0.7083035768933520 0.0302035193131960
0.7083035768933520 -0.9554761709193510 0.0302035193131960
0.4006937952234180 -0.4380098730480770 0.0329541206354420
-0.4380098730480770 0.4006937952234180 0.0329541206354420
-0.9626839221753420 -0.4380098730480760 0.0329541206354420
-0.4380098730480760 -0.9626839221753420 0.0329541206354420
-0.9626839221753420 0.4006937952234190 0.0329541206354420
0.4006937952234190 -0.9626839221753420 0.0329541206354420
-0.4611477081773240 -0.8097034163056330 0.0735997377417110
-0.8097034163056330 -0.4611477081773240 0.0735997377417110
0.2708511244829560 -0.8097034163056330 0.0735997377417110
-0.8097034163056330 0.2708511244829560 0.0735997377417110
0.2708511244829560 -0.4611477081773240 0.0735997377417110
-0.4611477081773240 0.2708511244829560 0.0735997377417110