-0.7679538362911502 0.4577464989693064 -0.7288152708490121 0.008497233737804959
-0.9609773918290878 -0.7679538362913775 -0.728815270849055 0.008497233737812158
0.4577464989682886 -0.9609773918292006 -0.7288152708477885 0.008497233737828394
-0.9847579184704128 -0.05321454743520817 0.0136747115272407 0.001951372627176399
-0.9757022456214157 -0.984757918470612 0.01367471152812739 0.001951372627182381
-0.05321454743397003 -0.9757022456215161 0.0136747115273301 0.001951372627096651
-0.2733049486061983 -0.9662227196204634 -0.438394272538368 0.0130199887239856
-0.3220780592357142 -0.2733049486047525 -0.4383942725392109 0.01301998872404748
-0.9662227196205052 -0.3220780592358554 -0.4383942725394879 0.01301998872395198
-0.9653902083247553 0.3617214902691905 -0.6844412065367119 0.009358078434992697
-0.7118900754072411 -0.9653902083250243 -0.6844412065362393 0.009358078434974142
0.3617214902690058 -0.7118900754074281 -0.6844412065365074 0.00935807843496894
-0.7140107196669039 -0.05163574270829095 -0.7113022669934016 0.02625573745688144
-0.5230512706308128 -0.714010719667132 -0.7113022669941305 0.02625573745682996
-0.05163574270884314 -0.5230512706315072 -0.7113022669923006 0.02625573745703841
-0.9644032204152739 0.6223979628860419 -0.7094081782286773 0.004223936341047089
-0.9485865642419784 -0.9644032204153778 -0.7094081782288734 0.00422393634104699
0.6223979628844537 -0.9485865642419543 -0.7094081782271892 0.004223936341074737
-0.9409645149934525 -0.01099587574519129 -0.4060039806819337 0.01559706111217679
-0.6420356285802742 -0.9409645149929432 -0.4060039806810906 0.01559706111224566
-0.01099587574693295 -0.6420356285814927 -0.4060039806785093 0.01559706111238765
-0.4620133965830218 0.1127037388631749 -0.9556215735400152 0.01498965770388662
-0.6950687687402711 -0.4620133965824464 -0.9556215735399612 0.01498965770387997
0.112703738862726 -0.6950687687402429 -0.9556215735397812 0.0149896577039306
-0.9455231122055394 -0.7573236015326952 0.644274315809592 0.005786148186164217
-0.9414276020716338 -0.9455231122053778 0.6442743158098897 0.005786148186153032
-0.7573236015256012 -0.9414276020709444 0.6442743158014782 0.005786148186293617
0.0893500091102819 -0.9407945482658526 -0.5442345549775491 0.01657203299779843
-0.6043209058679191 0.08935000911195126 -0.544234554978251 0.01657203299780267
-0.9407945482659268 -0.6043209058673978 -0.5442345549787743 0.01657203299778386
-0.9762651325032106 0.6566822622788857 -0.9330159427561003 0.00354123583908294
-0.747401187019427 -0.9762651325028603 -0.9330159427561836 0.003541235839111026
0.6566822622786648 -0.7474011870194225 -0.933015942756267 0.003541235839096941
-0.9354023733633353 -0.00303589933521897 -0.7358998674567105 0.01719845284625162
-0.325661859844616 -0.9354023733634328 -0.735899867456827 0.01719845284624526
-0.003035899334161013 -0.3256618598456624 -0.7358998674567118 0.0171984528462775
0.1133388069533188 -0.9611523296970399 -0.8451972225576957 0.01107318891220779
-0.3069892546981614 0.1133388069531991 -0.8451972225579444 0.01107318891220495
-0.9611523296968982 -0.3069892546977568 -0.8451972225585825 0.01107318891224347
-0.8134322794944014 0.4750316521818557 -0.9762485051739833 0.00685666358311383
-0.6853508675135351 -0.8134322794935307 -0.976248505173927 0.006856663583126163
0.4750316521804118 -0.6853508675140708 -0.9762485051726448 0.006856663583292701
-0.9322209866584998 -0.4396671109093365 0.3150491035205434 0.008445303975913393
-0.9431610059527276 -0.9322209866583301 0.3150491035209673 0.008445303975919218
-0.4396671109028146 -0.9431610059534288 0.315049103514612 0.008445303975732529
-0.3784511526616307 -0.7449087452768705 -0.4780197097722489 0.03677904306744947
-0.3986203922912018 -0.3784511526607067 -0.4780197097710318 0.03677904306745668
-0.7449087452771068 -0.3986203922900602 -0.4780197097723581 0.03677904306746672
-0.4270101772449364 -0.01782389476426725 -0.7783593350567 0.02673380190572628
-0.7768065929337287 -0.4270101772455154 -0.7783593350569291 0.02673380190566717
-0.01782389476407426 -0.7768065929339733 -0.7783593350564662 0.02673380190568145
-0.7489277736663206 -0.07977739064995708 -0.4010592292476484 0.02886549696168239
-0.7702356064364334 -0.7489277736654356 -0.4010592292482036 0.02886549696166923
-0.079777390653336 -0.7702356064370102 -0.40105922924467 0.02886549696173047
-0.4998935175251013 -0.9187915156177521 -0.08283818669742236 0.02314310172287899
-0.498476780159767 -0.4998935175247331 -0.08283818669749096 0.02314310172278861
-0.9187915156179884 -0.4984767801581871 -0.08283818669921417 0.0231431017228309
-0.9531077681358991 0.2706389544134377 -0.9346780279198312 0.008102945026016736
-0.3828531583576021 -0.9531077681357769 -0.9346780279200211 0.008102945026019227
0.2706389544135503 -0.3828531583575322 -0.9346780279201986 0.008102945025991763
-0.8194129287473002 -0.3818126395269364 0.01599207822769532 0.02321444526942163
-0.8147665099539618 -0.8194129287468309 0.01599207822741243 0.02321444526944185
-0.3818126395293393 -0.8147665099537937 0.01599207823167453 0.02321444526939263
-0.7995290508026287 0.3556702729076395 -0.7976437293829682 0.02027279380665855
-0.7584974927219389 -0.7995290508029311 -0.797643729382651 0.02027279380666717
0.3556702729058751 -0.7584974927226494 -0.7976437293804048 0.02027279380665431
-0.6901428251973104 -0.9756798215293145 0.3499125615299393 0.009602352588021109
-0.6840899148041231 -0.6901428251965293 0.3499125615300911 0.009602352587982558
-0.9756798215296782 -0.6840899148027155 0.3499125615286899 0.009602352587981285
-0.7237861161653755 -0.01260874584188128 -0.9345267316555559 0.02077696376975419
-0.3290784063369139 -0.723786116165174 -0.9345267316557261 0.02077696376971827
-0.01260874584214491 -0.3290784063371328 -0.9345267316555974 0.02077696376977017
-0.7662036066132658 -0.1547579082019079 -0.09906332969910832 0.009634057010055149
-0.9799751554857663 -0.7662036066132224 -0.09906332969919528 0.009634057010051938
-0.1547579082025432 -0.9799751554861351 -0.09906332969842246 0.009634057009965304
-0.7889561391572769 -0.9878548432216758 -0.03490569505225247 0.006818068346919794
-0.1882833225713522 -0.7889561391574725 -0.03490569504842889 0.00681806834671619
-0.9878548432217089 -0.1882833225679202 -0.03490569505272526 0.006818068346905608
-0.9223142707500789 0.813240042177844 -0.9441747957558062 0.003725019917228112
-0.9467509756719996 -0.9223142707500882 -0.9441747957558687 0.003725019917221904
0.8132400421776769 -0.9467509756719904 -0.9441747957555074 0.003725019917241533
-0.6296772266165893 0.5141113529510306 -0.947843131987828 0.008102738004743622
-0.9365909943466163 -0.6296772266166528 -0.947843131987801 0.008102738004744399
0.5141113529511697 -0.936590994346618 -0.9478431319876015 0.008102738004771255
-0.9258450401605932 0.2267111719745459 -0.3705501792204113 0.01204124614555485
-0.9303159525936108 -0.9258450401605585 -0.3705501792203661 0.01204124614556417
0.2267111719712812 -0.930315952593565 -0.3705501792172955 0.01204124614561331
0.05610706757272643 -0.9317357523188697 -0.9917500509834561 0.004360434875712713
-0.1326212642699352 0.05610706757214607 -0.9917500509834757 0.004360434875708343
-0.931735752318726 -0.1326212642690617 -0.9917500509840943 0.004360434875655933
-0.9565128767575303 -0.9565128767605067 0.8695386302787249 0.001481640621184332
-0.7720609303767829 -0.7720609303752632 0.3161827911273822 0.02399497001991401
-0.3444577745519064 -0.3444577745515867 -0.9666266763448393 0.015516677312317
-0.4079830601730307 -0.4079830601730581 -0.7760508194806258 0.03968612441682814
-0.6063462709910203 -0.6063462709910926 -0.1809611870271466 0.03603811827413331
