-0.5234495828308859 -0.9912510351234782 0.001564806065679133
0.5147006179543641 -0.5234495828308858 0.001564806065679133
-0.9912510351234771 0.5147006179543641 0.001564806065679133
0.5147006179543643 -0.9912510351234782 0.001564806065679133
-0.523449582830886 0.5147006179543641 0.001564806065679133
-0.991251035123478 -0.5234495828308858 0.001564806065679133
-0.4674545544078374 -0.5371258482219992 0.010851851757904912
0.00458040262983711 -0.4674545544078381 0.010851851757904912
-0.5371258482219992 0.004580402629837332 0.010851851757904912
0.004580402629836611 -0.5371258482219992 0.010851851757904912
-0.46745455440783795 0.004580402629837332 0.010851851757904912
-0.5371258482219995 -0.467454554407837 0.010851851757904912
-0.2986345316856833 -0.5278011051269604 0.01286712996644179
-0.17356436318735635 -0.2986345316856832 0.01286712996644179
-0.52780110512696 -0.17356436318735588 0.01286712996644179
-0.17356436318735605 -0.5278011051269604 0.01286712996644179
-0.29863453168568405 -0.17356436318735588 0.01286712996644179
-0.5278011051269604 -0.2986345316856832 0.01286712996644179
-0.4443821645614318 -0.9946753205042163 0.0015290212752633386
0.43905748506564896 -0.44438216456143187 0.0015290212752633386
-0.9946753205042167 0.4390574850656495 0.0015290212752633386
0.4390574850656482 -0.9946753205042163 0.0015290212752633386
-0.4443821645614327 0.4390574850656495 0.0015290212752633386
-0.9946753205042171 -0.44438216456143137 0.0015290212752633386
-0.05518103569888666 -0.8896379286022267 0.007600945955201311
-0.055181035698886605 -0.05518103569888666 0.007600945955201311
-0.8896379286022267 -0.05518103569888666 0.007600945955201311
-0.35759303463476644 -0.5851207761301092 0.012518977362052775
-0.057286189235124796 -0.3575930346347663 0.012518977362052775
-0.5851207761301092 -0.0572861892351238 0.012518977362052775
-0.05728618923512446 -0.5851207761301092 0.012518977362052775
-0.3575930346347671 -0.0572861892351238 0.012518977362052775
-0.585120776130109 -0.3575930346347659 0.012518977362052775
-0.08498406265235159 -0.8300318746952968 0.009618071480337215
-0.08498406265235117 -0.08498406265235159 0.009618071480337215
-0.8300318746952977 -0.08498406265235045 0.009618071480337215
-0.08515156629403586 -0.9761816950464226 0.004324174813789094
0.06133326134045897 -0.08515156629403589 0.004324174813789094
-0.9761816950464228 0.0613332613404598 0.004324174813789094
0.06133326134045847 -0.9761816950464226 0.004324174813789094
-0.08515156629403531 0.061333261340458634 0.004324174813789094
-0.9761816950464235 -0.08515156629403475 0.004324174813789094
-0.6179233142956306 -0.9956860753222008 0.001381707956644564
0.6136093896178312 -0.6179233142956304 0.001381707956644564
-0.9956860753222012 0.6136093896178325 0.001381707956644564
0.6136093896178314 -0.9956860753222008 0.001381707956644564
-0.6179233142956306 0.6136093896178312 0.001381707956644564
-0.9956860753222008 -0.6179233142956304 0.001381707956644564
-0.2923054161662334 -0.41538916766753314 0.016157989090694665
-0.2923054161662334 -0.29230541616623296 0.016157989090694665
-0.4153891676675336 -0.29230541616623296 0.016157989090694665
-0.0017877002794021712 -0.9964245994411955 0.0016769533636583442
-0.0017877002794018382 -0.0017877002794022268 0.0016769533636583442
-0.9964245994411964 -0.001787700279401061 0.0016769533636583442
-0.5872961185343277 -0.7854850124967085 0.00876219217141643
0.372781131031036 -0.587296118534328 0.00876219217141643
-0.7854850124967085 0.37278113103103666 0.00876219217141643
0.37278113103103533 -0.7854850124967085 0.00876219217141643
-0.5872961185343276 0.37278113103103666 0.00876219217141643
-0.7854850124967085 -0.5872961185343268 0.00876219217141643
-0.47752323442505673 -0.7751232134170345 0.009795478141583047
0.25264644784209084 -0.47752323442505556 0.009795478141583047
-0.7751232134170346 0.2526464478420913 0.009795478141583047
0.2526464478420913 -0.7751232134170345 0.009795478141583047
-0.4775232344250566 0.2526464478420913 0.009795478141583047
-0.7751232134170352 -0.47752323442505556 0.009795478141583047
-0.7733366836072684 -0.7733366836072691 0.007417871242752364
0.5466733672145385 -0.7733366836072691 0.007417871242752364
-0.7733366836072691 0.5466733672145383 0.007417871242752364
-0.6812222007537596 -0.7718193500065609 0.008861979301788106
0.45304155076031943 -0.6812222007537588 0.008861979301788106
-0.771819350006561 0.453041550760321 0.008861979301788106
0.45304155076031954 -0.7718193500065609 0.008861979301788106
-0.6812222007537594 0.453041550760321 0.008861979301788106
-0.7718193500065607 -0.6812222007537588 0.008861979301788106
-0.2022609735518666 -0.8761103161678747 0.009399756857255883
0.07837128971974128 -0.2022609735518665 0.009399756857255883
-0.8761103161678752 0.07837128971974244 0.009399756857255883
0.07837128971974144 -0.8761103161678747 0.009399756857255883
-0.2022609735518656 0.07837128971974128 0.009399756857255883
-0.8761103161678754 -0.20226097355186534 0.009399756857255883
-0.37545484145327845 -0.756074233549431 0.011389894317933741
0.1315290750027091 -0.37545484145327823 0.011389894317933741
-0.7560742335494306 0.13152907500270944 0.011389894317933741
0.1315290750027095 -0.756074233549431 0.011389894317933741
-0.3754548414532777 0.13152907500270944 0.011389894317933741
-0.7560742335494312 -0.3754548414532777 0.011389894317933741
-0.27112747528304715 -0.9227104073049197 0.007446459977497646
0.19383788258796658 -0.2711274752830471 0.007446459977497646
-0.9227104073049197 0.19383788258796758 0.007446459977497646
0.19383788258796691 -0.9227104073049197 0.007446459977497646
-0.27112747528304776 0.19383788258796758 0.007446459977497646
-0.9227104073049197 -0.27112747528304676 0.007446459977497646
-0.5388703315191135 -0.9655320564628671 0.004542213244052488
0.504402387981981 -0.5388703315191139 0.004542213244052488
-0.9655320564628664 0.504402387981981 0.004542213244052488
0.5044023879819806 -0.9655320564628671 0.004542213244052488
-0.5388703315191135 0.504402387981981 0.004542213244052488
-0.9655320564628678 -0.5388703315191127 0.004542213244052488
-0.9684425905543299 -0.9684425905543319 0.0013372138233786982
0.9368851811086623 -0.9684425905543306 0.0013372138233786982
-0.9684425905543319 0.9368851811086638 0.0013372138233786982
-0.9214634332362122 -0.9708752593938816 0.0019003713102956814
0.8923386926300942 -0.9214634332362124 0.0019003713102956814
-0.9708752593938825 0.8923386926300965 0.0019003713102956814
0.8923386926300938 -0.9708752593938816 0.0019003713102956814
-0.921463433236213 0.8923386926300965 0.0019003713102956814
-0.9708752593938823 -0.9214634332362113 0.0019003713102956814
-0.2834845329045545 -0.6916777800053009 0.014866201261141042
-0.024837687090144778 -0.28348453290455433 0.014866201261141042
-0.6916777800053008 -0.02483768709014439 0.014866201261141042
-0.0248376870901445 -0.6916777800053009 0.014866201261141042
-0.2834845329045548 -0.02483768709014439 0.014866201261141042
-0.6916777800053009 -0.2834845329045541 0.014866201261141042
-0.23898423490337456 -0.7977197386421029 0.012372861067483781
0.03670397354547744 -0.23898423490337475 0.012372861067483781
-0.7977197386421031 0.036703973545478275 0.012372861067483781
0.03670397354547744 -0.7977197386421029 0.012372861067483781
-0.2389842349033745 0.03670397354547711 0.012372861067483781
-0.7977197386421028 -0.2389842349033744 0.012372861067483781
-0.7362268488267821 -0.8534283667037557 0.007674844563487703
0.5896552155305381 -0.7362268488267822 0.007674844563487703
-0.8534283667037554 0.5896552155305379 0.007674844563487703
0.5896552155305379 -0.8534283667037557 0.007674844563487703
-0.736226848826782 0.5896552155305379 0.007674844563487703
-0.8534283667037559 -0.7362268488267822 0.007674844563487703
-0.6547394898622273 -0.9729650732055715 0.0037917459315061435
0.6277045630677993 -0.6547394898622286 0.0037917459315061435
-0.9729650732055704 0.6277045630677989 0.0037917459315061435
0.6277045630677989 -0.9729650732055715 0.0037917459315061435
-0.6547394898622274 0.6277045630677989 0.0037917459315061435
-0.9729650732055712 -0.6547394898622274 0.0037917459315061435
-0.8584487282199831 -0.9137027072375556 0.004631754337264704
0.7721514354575387 -0.8584487282199833 0.004631754337264704
-0.9137027072375554 0.7721514354575392 0.004631754337264704
0.772151435457539 -0.9137027072375556 0.004631754337264704
-0.8584487282199829 0.7721514354575392 0.004631754337264704
-0.9137027072375559 -0.8584487282199822 0.004631754337264704
-0.9052350537590603 -0.9943033223232933 0.0009765415244075943
0.8995383760823541 -0.9052350537590601 0.0009765415244075943
-0.9943033223232924 0.8995383760823523 0.0009765415244075943
0.8995383760823537 -0.9943033223232933 0.0009765415244075943
-0.905235053759059 0.8995383760823523 0.0009765415244075943
-0.994303322323294 -0.9052350537590601 0.0009765415244075943
-0.6719816304667887 -0.6719816304667885 0.011607075839207065
0.34396326093357715 -0.6719816304667885 0.011607075839207065
-0.6719816304667889 0.34396326093357804 0.011607075839207065
-0.18305687854173194 -0.6338862429165361 0.015398413264552576
-0.1830568785417323 -0.18305687854173136 0.015398413264552576
-0.6338862429165363 -0.18305687854173136 0.015398413264552576
-0.40561350340851 -0.9192050916060379 0.007866494015069786
0.3248185950145471 -0.4056135034085101 0.007866494015069786
-0.919205091606037 0.3248185950145483 0.007866494015069786
0.3248185950145481 -0.9192050916060379 0.007866494015069786
-0.4056135034085101 0.3248185950145483 0.007866494015069786
-0.9192050916060381 -0.40561350340850966 0.007866494015069786
-0.11246952009280309 -0.9379949033129453 0.007473966374868559
0.05046442340574758 -0.11246952009280312 0.007473966374868559
-0.9379949033129451 0.05046442340574847 0.007473966374868559
0.050464423405748526 -0.9379949033129453 0.007473966374868559
-0.1124695200928032 0.05046442340574847 0.007473966374868559
-0.9379949033129444 -0.11246952009280312 0.007473966374868559
-0.5402902195003536 -0.9214290721998386 0.0070612537406711156
0.46171929170019294 -0.5402902195003538 0.0070612537406711156
-0.9214290721998388 0.4617192917001936 0.0070612537406711156
0.4617192917001924 -0.9214290721998386 0.0070612537406711156
-0.5402902195003547 0.4617192917001936 0.0070612537406711156
-0.921429072199839 -0.5402902195003538 0.0070612537406711156
-0.12691668978408643 -0.7461666204318269 0.013553006436171017
-0.1269166897840867 -0.1269166897840865 0.013553006436171017
-0.7461666204318267 -0.1269166897840865 0.013553006436171017
-0.4969491457221857 -0.8568717359006646 0.009746602981227802
0.35382088162285 -0.4969491457221859 0.009746602981227802
-0.8568717359006643 0.3538208816228506 0.009746602981227802
0.35382088162285036 -0.8568717359006646 0.009746602981227802
-0.4969491457221853 0.3538208816228506 0.009746602981227802
-0.8568717359006657 -0.49694914572218474 0.009746602981227802
-0.5587424161344946 -0.6912108164384508 0.01213938484385209
0.2499532325729456 -0.5587424161344949 0.01213938484385209
-0.6912108164384507 0.24995323257294594 0.01213938484385209
0.2499532325729455 -0.6912108164384508 0.01213938484385209
-0.5587424161344949 0.24995323257294594 0.01213938484385209
-0.6912108164384505 -0.5587424161344949 0.01213938484385209
-0.9259346973212121 -0.9259346973212135 0.0031840992641385137
0.8518693946424252 -0.9259346973212124 0.0031840992641385137
-0.9259346973212157 0.8518693946424316 0.0031840992641385137
-0.16719363590636394 -0.99445305325445 0.00220352716150168
0.16164668916081432 -0.16719363590636463 0.00220352716150168
-0.9944530532544502 0.1616466891608147 0.00220352716150168
0.16164668916081404 -0.99445305325445 0.00220352716150168
-0.16719363590636435 0.1616466891608147 0.00220352716150168
-0.9944530532544502 -0.16719363590636346 0.00220352716150168
-0.4439255128319447 -0.6563082619295145 0.014618365631044648
0.10023377476145834 -0.44392551283194465 0.014618365631044648
-0.6563082619295135 0.10023377476145917 0.014618365631044648
0.10023377476145928 -0.6563082619295145 0.014618365631044648
-0.4439255128319446 0.10023377476145917 0.014618365631044648
-0.6563082619295137 -0.4439255128319443 0.014618365631044648
-0.31584833557098335 -0.9934951794839013 0.0023472390554780125
0.3093435150548844 -0.3158483355709828 0.0023472390554780125
-0.9934951794839013 0.30934351505488483 0.0023472390554780125
0.3093435150548846 -0.9934951794839013 0.0023472390554780125
-0.3158483355709834 0.30934351505488483 0.0023472390554780125
-0.9934951794839018 -0.31584833557098235 0.0023472390554780125
-0.5765365008696284 -0.576536500869629 0.014251127668298509
0.15307300173925759 -0.576536500869629 0.014251127668298509
-0.576536500869629 0.15307300173925825 0.014251127668298509
-0.2466969545159518 -0.9678376010455443 0.005655492840820414
0.21453455556149664 -0.24669695451595133 0.005655492840820414
-0.9678376010455443 0.21453455556149664 0.005655492840820414
0.2145345555614962 -0.9678376010455443 0.005655492840820414
-0.2466969545159513 0.21453455556149664 0.005655492840820414
-0.9678376010455445 -0.24669695451595086 0.005655492840820414
-0.7754041665175286 -0.9126816025902247 0.005623639116125824
0.6880857691077535 -0.7754041665175287 0.005623639116125824
-0.9126816025902249 0.6880857691077547 0.005623639116125824
0.6880857691077533 -0.9126816025902247 0.005623639116125824
-0.7754041665175289 0.6880857691077547 0.005623639116125824
-0.9126816025902256 -0.7754041665175287 0.005623639116125824
-0.6277176883164526 -0.8634086152778948 0.008755243545768794
0.4911263035943471 -0.6277176883164521 0.008755243545768794
-0.863408615277895 0.4911263035943482 0.008755243545768794
0.49112630359434745 -0.8634086152778948 0.008755243545768794
-0.6277176883164526 0.4911263035943471 0.008755243545768794
-0.8634086152778948 -0.6277176883164521 0.008755243545768794
-0.35659320344962603 -0.85055499377824 0.011559570349937908
0.20714819722786587 -0.3565932034496256 0.011559570349937908
-0.8505549937782406 0.2071481972278672 0.011559570349937908
0.20714819722786598 -0.85055499377824 0.011559570349937908
-0.356593203449625 0.20714819722786598 0.011559570349937908
-0.8505549937782404 -0.3565932034496251 0.011559570349937908
-0.667974629642267 -0.9276892512713322 0.006643376630066162
0.5956638809135983 -0.6679746296422667 0.006643376630066162
-0.9276892512713313 0.5956638809135988 0.006643376630066162
0.5956638809135992 -0.9276892512713322 0.006643376630066162
-0.6679746296422664 0.5956638809135988 0.006643376630066162
-0.9276892512713333 -0.6679746296422655 0.006643376630066162
-0.9612846095291432 -0.9943338186015174 0.0006468428771534667
0.9556184281306608 -0.9612846095291434 0.0006468428771534667
-0.994333818601518 0.9556184281306623 0.0006468428771534667
0.9556184281306608 -0.9943338186015174 0.0006468428771534667
-0.9612846095291436 0.9556184281306623 0.0006468428771534667
-0.9943338186015178 -0.9612846095291423 0.0006468428771534667
-0.8560191815497487 -0.9641002329385624 0.0031199170235178277
0.8201194144883115 -0.8560191815497489 0.0031199170235178277
-0.9641002329385626 0.8201194144883126 0.0031199170235178277
0.8201194144883113 -0.9641002329385624 0.0031199170235178277
-0.8560191815497493 0.8201194144883126 0.0031199170235178277
-0.9641002329385624 -0.8560191815497489 0.0031199170235178277
-0.4260854230818627 -0.42608542308186254 0.017457457019621512
-0.14782915383627476 -0.4260854230818624 0.017457457019621512
-0.42608542308186315 -0.1478291538362737 0.017457457019621512
-0.7333345662402038 -0.9936149202588564 0.0017369193146033657
0.7269494864990611 -0.7333345662402041 0.0017369193146033657
-0.9936149202588569 0.7269494864990618 0.0017369193146033657
0.7269494864990602 -0.9936149202588564 0.0017369193146033657
-0.7333345662402049 0.7269494864990618 0.0017369193146033657
-0.9936149202588569 -0.7333345662402041 0.0017369193146033657
-0.40110894165401156 -0.9674150851619707 0.005503356513193049
0.3685240268159831 -0.4011089416540121 0.005503356513193049
-0.9674150851619705 0.36852402681598323 0.005503356513193049
0.36852402681598345 -0.9674150851619707 0.005503356513193049
-0.40110894165401256 0.36852402681598323 0.005503356513193049
-0.9674150851619712 -0.4011089416540117 0.005503356513193049
-0.7657842296216937 -0.9641692016373027 0.004101172488626494
0.7299534312589961 -0.7657842296216941 0.004101172488626494
-0.9641692016373025 0.7299534312589968 0.004101172488626494
0.7299534312589964 -0.9641692016373027 0.004101172488626494
-0.7657842296216936 0.7299534312589968 0.004101172488626494
-0.9641692016373034 -0.765784229621693 0.004101172488626494
-0.8386468342341142 -0.8386468342341153 0.007415370736130609
0.6772936684682291 -0.8386468342341142 0.007415370736130609
-0.8386468342341147 0.6772936684682296 0.007415370736130609
-0.8292647966874689 -0.992865501391732 0.0015683002512920684
0.8221302980792007 -0.8292647966874691 0.0015683002512920684
-0.9928655013917294 0.8221302980791969 0.0015683002512920684
0.8221302980792011 -0.992865501391732 0.0015683002512920684
-0.8292647966874669 0.8221302980791969 0.0015683002512920684
-0.992865501391732 -0.829264796687468 0.0015683002512920684
-0.9927135601585395 -0.9927135601585408 0.00034981556310666813
0.9854271203170799 -0.9927135601585397 0.00034981556310666813
-0.9927135601585408 0.9854271203170817 0.00034981556310666813
