-0.5533046643727986 -0.9192284574478844 0.4474481896141336 0.007800212910650463
-0.9158670291802448 -0.9160905359846263 0.7503920530568158 0.009458250846547486
-0.9701523520430464 -0.5732924390755566 0.4552224596612802 0.009474373461649975
-0.9206457589681702 -0.976641624465293 -0.05365671713622034 0.009599714961394886
-0.9337366660891632 -0.9197772435191072 0.4273822481233936 0.01568338205232868
-0.6380957350966594 -0.9490813120195858 0.3641172259369878 0.01676387616329851
-0.7135713192043529 0.2246816043641724 -0.9986675641825126 0.01050685463763321
-0.6107566394690579 -0.2385259301169455 -0.1589896515942665 0.01310048147306961
-0.129867646401123 -0.9883852374828955 -0.1056316993155485 0.01303920343219988
-0.1664358333494954 -0.5463253600713984 -0.9844032143628079 0.01902192811379037
-0.7514287025389632 -0.6152564094597048 0.3122764470087541 0.01986073113428314
-0.1113095043790728 -0.8778467993652843 -0.05028623426553014 0.0154999375112135
-0.7342331339208183 -0.2864957262025621 -0.9589708571964229 0.01771500052129017
-0.9689597680156343 -0.2760982372512223 -0.2151326389458592 0.02015837198880604
-0.9266490702197298 -0.08351066097292752 -0.07282854719917632 0.02095650303125564
-0.5373715022569363 -0.7939769723872107 -0.994270844023207 0.01093106704497208
-0.8943748201422934 -0.6320292181652613 0.1582881449664418 0.03504065691166474
-0.9451345695722863 -0.7515287540235962 -0.1749137514146293 0.02651841414209441
-0.6401909968058996 -0.9217593295662162 -0.04698119799191238 0.03516745122395425
-0.5456802613699342 -0.7165676802509564 0.0351979590570029 0.04351961177069497
-0.2510060418460261 -0.555504852567471 -0.2721492944747828 0.03372350242246109
-0.2796865735769462 -0.08250864840889952 -0.9262003377957501 0.03385668187512972
-0.5420319818586139 -0.3271309457569846 -0.8345329893053416 0.04696048351121532
-0.3327616188639548 -0.4580675737837869 -0.6003539397970913 0.05583379695105221
0.1459127371604473 -0.666250054258642 -0.8445114632975065 0.04246040614681168
-0.7046258637970577 -0.6950633656529527 -0.8118584756178399 0.03750295819431538
-0.1555427966561573 -0.8331524229587274 -0.3937162708510041 0.05096144788527119
-0.170476155401926 -0.2732866397752712 -0.6749472724987969 0.03420250930904184
-0.292599283130923 -0.78077508334282 -0.7641311876161533 0.04703915299077518
-0.669874318185389 -0.6360455530450386 -0.3815071188418233 0.06546949941566482
-0.713034155160586 -0.2425112117576626 -0.3061183874904804 0.06028184410562056
-0.7386686248489395 -0.9083825243710149 -0.5290457907046181 0.03067931896236044
-0.7349912291618884 0.1143206439498955 -0.7551928096236604 0.04762204359764657
-0.3211354118094385 -0.9692208003786651 -0.5162609760038315 0.02196718770411703
-0.8899252123406389 -0.2967816456232523 -0.6061178761247057 0.04416143256303731
0.2908989268740044 -0.7936857063434514 -0.5948965692091915 0.02984094802302178
0.4407614406718394 -0.9862172663214094 -0.5118426729186494 0.005729612835236331
-0.9103378816977798 0.419605439117278 -0.5773640152816579 0.01731670818374603
-0.5683089329465612 0.1310327041650577 -0.6276181223461234 0.02847239961322439
-0.9648263734898369 0.2088525999212051 -0.5925662730794791 0.0173003442977918
-0.9539504662043419 -0.9372243266147465 -0.5979697800078242 0.009395696925810017
0.267069511554904 -0.4478451203530572 -0.9594102826767849 0.01374864781813647
-0.9581114473978323 -0.6322900043647489 -0.6591221643854689 0.01823631387807065
0.2887166196779364 -0.9606988791583198 -0.731810929101627 0.02051164372655098
0.4757968987501355 -0.8972526359227828 -0.9789502598685401 0.009520052954932825
0.1732388127357021 -0.4524900616954256 -0.7336525734932146 0.00937553505955477
-0.6257054157709013 0.4609979885240923 -0.9258602682046155 0.01744782605744033
-0.03253520660505715 -0.9333455935924871 -0.9255429370952352 0.0176985547289991
-0.9365768769292343 -0.5384537758565797 -0.9417017379403116 0.01222025919372541
-0.939580570059632 0.5037786889766073 -0.9213734346055052 0.01219542757986468
0.5660476761353139 -0.6888421833945486 -0.925545371878511 0.007262216915703983
-0.9510355234372726 0.001540226645666995 -0.901335720592966 0.01764147054086366
-0.1189571903053532 0.03057012311455353 -0.9338512861491433 0.008801520740585442
-0.5633928989032095 -0.9832534620977388 -0.8723247837732444 0.01106164768380024
-0.9082033404150098 -0.9082819610479546 -0.9213986974859053 0.01069494738034134
0.7479685689385656 -0.9305195511631422 -0.903940532225499 0.008988533895500547
-0.9250656883579181 0.7695471905246294 -0.9137203010999236 0.007334736333120193
