-0.3333333333333335 -0.33333333333333304 0.016686241627772748
-0.027695064173880624 -0.9446098716522389 0.008087976793038725
-0.027695064173879735 -0.027695064173880568 0.008087976793038725
-0.9446098716522393 -0.027695064173879402 0.008087976793038725
-0.7218187430558105 -0.7866606382718451 0.011612586496727325
0.5084793813276556 -0.7218187430558113 0.011612586496727325
-0.786660638271845 0.5084793813276565 0.011612586496727325
0.5084793813276556 -0.7866606382718451 0.011612586496727325
-0.721818743055811 0.5084793813276565 0.011612586496727325
-0.7866606382718448 -0.7218187430558101 0.011612586496727325
-0.16082383827147895 -0.678352323457042 0.01768616528617659
-0.16082383827147845 -0.16082383827147897 0.01768616528617659
-0.6783523234570414 -0.16082383827147897 0.01768616528617659
-0.6055337384206945 -0.9934776886725429 0.002567703397539396
0.5990114270932367 -0.6055337384206937 0.002567703397539396
-0.9934776886725429 0.5990114270932381 0.002567703397539396
0.5990114270932365 -0.9934776886725429 0.002567703397539396
-0.605533738420694 0.5990114270932381 0.002567703397539396
-0.9934776886725432 -0.6055337384206937 0.002567703397539396
-0.5229516980313794 -0.9737203643191932 0.005653028551855478
0.4966720623505732 -0.5229516980313802 0.005653028551855478
-0.9737203643191927 0.49667206235057343 0.005653028551855478
0.49667206235057265 -0.9737203643191932 0.005653028551855478
-0.5229516980313798 0.49667206235057343 0.005653028551855478
-0.9737203643191934 -0.5229516980313791 0.005653028551855478
-0.8415864069866024 -0.841586406986603 0.008447459702206457
0.683172813973205 -0.8415864069866019 0.008447459702206457
-0.841586406986603 0.6831728139732063 0.008447459702206457
-0.9404985412280196 -0.9953115577426268 0.0010110180937445163
0.9358100989706464 -0.9404985412280205 0.0010110180937445163
-0.9953115577426246 0.9358100989706439 0.0010110180937445163
0.9358100989706464 -0.9953115577426268 0.0010110180937445163
-0.9404985412280185 0.9358100989706439 0.0010110180937445163
-0.9953115577426273 -0.9404985412280193 0.0010110180937445163
-0.9645373015005707 -0.9645373015005723 0.001973732290054162
0.9290746030011436 -0.9645373015005712 0.001973732290054162
-0.9645373015005747 0.9290746030011492 0.001973732290054162
-0.20843213340622907 -0.9960771992602098 0.002605390897946906
0.20450933266643972 -0.20843213340622946 0.002605390897946906
-0.9960771992602095 0.20450933266643928 0.002605390897946906
0.20450933266643895 -0.9960771992602098 0.002605390897946906
-0.20843213340622863 0.20450933266643928 0.002605390897946906
-0.9960771992602109 -0.2084321334062283 0.002605390897946906
-0.2966398824478379 -0.6947268684495601 0.0203851588886825
-0.008633249102601048 -0.29663988244783784 0.0203851588886825
-0.6947268684495604 -0.00863324910260116 0.0203851588886825
-0.008633249102601936 -0.6947268684495601 0.0203851588886825
-0.2966398824478384 -0.00863324910260116 0.0203851588886825
-0.6947268684495611 -0.29663988244783757 0.0203851588886825
-0.5950356114764827 -0.7731494433049946 0.015733740991476258
0.3681850547814777 -0.5950356114764834 0.015733740991476258
-0.7731494433049941 0.36818505478147806 0.015733740991476258
0.3681850547814773 -0.7731494433049946 0.015733740991476258
-0.5950356114764834 0.36818505478147806 0.015733740991476258
-0.7731494433049941 -0.5950356114764834 0.015733740991476258
-0.15489208955557018 -0.8909572311106335 0.014241618482837535
0.04584932066620401 -0.1548920895555699 0.014241618482837535
-0.8909572311106344 0.045849320666204785 0.014241618482837535
0.045849320666203786 -0.8909572311106335 0.014241618482837535
-0.1548920895555698 0.04584932066620362 0.014241618482837535
-0.890957231110634 -0.1548920895555699 0.014241618482837535
-0.7506389823051118 -0.878790141678456 0.009928228953015338
0.6294291239835681 -0.7506389823051123 0.009928228953015338
-0.8787901416784556 0.6294291239835683 0.009928228953015338
0.6294291239835681 -0.878790141678456 0.009928228953015338
-0.7506389823051123 0.6294291239835683 0.009928228953015338
-0.8787901416784558 -0.7506389823051123 0.009928228953015338
-0.4889075271942858 -0.9248220956849642 0.010872874946027107
0.4137296228792499 -0.48890752719428593 0.010872874946027107
-0.924822095684964 0.41372962287925025 0.010872874946027107
0.41372962287925014 -0.9248220956849642 0.010872874946027107
-0.4889075271942851 0.41372962287925025 0.010872874946027107
-0.9248220956849647 -0.48890752719428476 0.010872874946027107
-0.8509937401292273 -0.9912273396598772 0.0023051658801685163
0.8422210797891039 -0.8509937401292276 0.0023051658801685163
-0.9912273396598776 0.842221079789107 0.0023051658801685163
0.8422210797891045 -0.9912273396598772 0.0023051658801685163
-0.8509937401292285 0.842221079789107 0.0023051658801685163
-0.9912273396598776 -0.8509937401292265 0.0023051658801685163
-0.16638544895269886 -0.9654531713501262 0.00835666538364306
0.13183862030282434 -0.16638544895269855 0.00835666538364306
-0.9654531713501253 0.1318386203028249 0.00835666538364306
0.13183862030282517 -0.9654531713501262 0.00835666538364306
-0.16638544895269844 0.1318386203028249 0.00835666538364306
-0.9654531713501258 -0.16638544895269855 0.00835666538364306
-0.6142565539876026 -0.8748439559713788 0.012724846105733736
0.4891005099589815 -0.6142565539876033 0.012724846105733736
-0.8748439559713779 0.48910050995898197 0.012724846105733736
0.4891005099589813 -0.8748439559713788 0.012724846105733736
-0.614256553987603 0.48910050995898197 0.012724846105733736
-0.874843955971379 -0.614256553987602 0.012724846105733736
-0.9053043621208949 -0.9631841059374342 0.0036255385765678145
0.8684884680583298 -0.9053043621208952 0.0036255385765678145
-0.9631841059374362 0.868488468058334 0.0036255385765678145
0.8684884680583291 -0.9631841059374342 0.0036255385765678145
-0.9053043621208972 0.868488468058334 0.0036255385765678145
-0.9631841059374349 -0.905304362120894 0.0036255385765678145
-0.5631270064181442 -0.5631270064181435 0.02247400701602632
0.12625401283628773 -0.5631270064181435 0.02247400701602632
-0.5631270064181442 0.12625401283628823 0.02247400701602632
-0.6550984256322283 -0.6550984256322275 0.019118391933456824
0.3101968512644558 -0.6550984256322275 0.019118391933456824
-0.6550984256322281 0.31019685126445623 0.019118391933456824
-0.897809638355237 -0.8978096383552381 0.006518173300371541
0.7956192767104746 -0.897809638355237 0.006518173300371541
-0.8978096383552376 0.7956192767104753 0.006518173300371541
-0.3161899893049446 -0.9141935821144569 0.013379918490091193
0.2303835714194014 -0.3161899893049447 0.013379918490091193
-0.9141935821144573 0.23038357141940263 0.013379918490091193
0.23038357141940152 -0.9141935821144569 0.013379918490091193
-0.3161899893049447 0.2303835714194014 0.013379918490091193
-0.914193582114458 -0.31618998930494413 0.013379918490091193
-0.3483720938849807 -0.9736218324419685 0.007279426969894874
0.3219939263269494 -0.3483720938849806 0.007279426969894874
-0.9736218324419688 0.3219939263269495 0.007279426969894874
0.3219939263269493 -0.9736218324419685 0.007279426969894874
-0.34837209388498075 0.3219939263269495 0.007279426969894874
-0.973621832441969 -0.34837209388497986 0.007279426969894874
-0.42114810248572543 -0.9976062367385812 0.00185874067538623
0.41875433922430666 -0.4211481024857254 0.00185874067538623
-0.9976062367385803 0.4187543392243069 0.00185874067538623
0.41875433922430666 -0.9976062367385812 0.00185874067538623
-0.42114810248572543 0.4187543392243069 0.00185874067538623
-0.9976062367385814 -0.42114810248572504 0.00185874067538623
-0.40242040864797374 -0.5617344771396465 0.02579117357596843
-0.0358451142123804 -0.4024204086479732 0.02579117357596843
-0.5617344771396464 -0.035845114212380125 0.02579117357596843
-0.035845114212379736 -0.5617344771396465 0.02579117357596843
-0.40242040864797324 -0.035845114212380125 0.02579117357596843
-0.5617344771396464 -0.40242040864797307 0.02579117357596843
-0.4510485045144097 -0.8377402168613386 0.01695179543427326
0.2887887213757479 -0.4510485045144097 0.01695179543427326
-0.8377402168613381 0.28878872137574835 0.01695179543427326
0.28878872137574824 -0.8377402168613386 0.01695179543427326
-0.45104850451441014 0.28878872137574835 0.01695179543427326
-0.8377402168613381 -0.4510485045144097 0.01695179543427326
-0.2935402522171685 -0.809443771035967 0.01924455106339338
0.10298402325313533 -0.29354025221716856 0.01924455106339338
-0.809443771035967 0.10298402325313605 0.01924455106339338
0.10298402325313549 -0.809443771035967 0.01924455106339338
-0.29354025221716895 0.10298402325313605 0.01924455106339338
-0.8094437710359668 -0.29354025221716834 0.01924455106339338
-0.004502758747059077 -0.9909944825058816 0.0046553212841128596
-0.00450275874705941 -0.004502758747059132 0.0046553212841128596
-0.9909944825058814 -0.004502758747059132 0.0046553212841128596
-0.4672642350498558 -0.7062225839957764 0.02319933806277129
0.1734868190456323 -0.4672642350498566 0.02319933806277129
-0.7062225839957765 0.17348681904563307 0.02319933806277129
0.1734868190456323 -0.7062225839957764 0.02319933806277129
-0.4672642350498565 0.17348681904563307 0.02319933806277129
-0.7062225839957768 -0.4672642350498566 0.02319933806277129
-0.22966306150864002 -0.5406738769827198 0.027478790393136512
-0.2296630615086402 -0.22966306150863958 0.027478790393136512
-0.5406738769827202 -0.22966306150863947 0.027478790393136512
-0.405017019264014 -0.405017019264014 0.02471808101869384
-0.18996596147197198 -0.405017019264014 0.02471808101869384
-0.40501701926401446 -0.18996596147197106 0.02471808101869384
-0.8079036957978976 -0.9449387398428248 0.007333173409853691
0.7528424356407231 -0.807903695797898 0.007333173409853691
-0.9449387398428246 0.7528424356407228 0.007333173409853691
0.7528424356407224 -0.9449387398428248 0.007333173409853691
-0.8079036957978974 0.7528424356407228 0.007333173409853691
-0.9449387398428255 -0.8079036957978969 0.007333173409853691
-0.9898343810745434 -0.9898343810745451 0.000688802758545162
0.9796687621490883 -0.989834381074544 0.000688802758545162
-0.9898343810745449 0.9796687621490905 0.000688802758545162
-0.6651843504432879 -0.948249783560124 0.0088906759825048
0.613434134003412 -0.6651843504432879 0.0088906759825048
-0.948249783560124 0.613434134003412 0.0088906759825048
0.613434134003412 -0.948249783560124 0.0088906759825048
-0.6651843504432879 0.613434134003412 0.0088906759825048
-0.948249783560124 -0.6651843504432879 0.0088906759825048
-0.09931811652196348 -0.8013637669560729 0.020867954591561183
-0.09931811652196348 -0.0993181165219629 0.020867954591561183
-0.8013637669560725 -0.0993181165219629 0.020867954591561183
-0.7386447324594239 -0.9884053626305203 0.00364250556824494
0.7270500950899439 -0.7386447324594235 0.00364250556824494
-0.9884053626305205 0.7270500950899452 0.00364250556824494
0.7270500950899443 -0.9884053626305203 0.00364250556824494
-0.7386447324594236 0.7270500950899452 0.00364250556824494
-0.9884053626305207 -0.7386447324594223 0.00364250556824494
