-0.3333333333333330 -0.3333333333333330 0.0414247600480100
-0.1211938900224630 -0.1211938900224630 0.0317848553376890
-0.7576122199550750 -0.1211938900224630 0.0317848553376890
-0.1211938900224630 -0.7576122199550750 0.0317848553376890
-0.2279215890644990 -0.2279215890644990 0.0484065999099300
-0.5441568218710010 -0.2279215890644990 0.0484065999099300
-0.2279215890644990 -0.5441568218710010 0.0484065999099300
-0.4808327871872580 -0.4808327871872580 0.0481776618584750
-0.0383344256254840 -0.4808327871872580 0.0481776618584750
-0.4808327871872580 -0.0383344256254840 0.0481776618584750
-0.6075870004627910 -0.6075870004627910 0.0426911624900280
0.2151740009255820 -0.6075870004627910 0.0426911624900280
-0.6075870004627910 0.2151740009255820 0.0426911624900280
-0.7280328840131540 -0.7280328840131540 0.0318890139780280
0.4560657680263070 -0.7280328840131540 0.0318890139780280
-0.7280328840131540 0.4560657680263070 0.0318890139780280
-0.8849999633154970 -0.8849999633154970 0.0155292729235180
0.7699999266309940 -0.8849999633154970 0.0155292729235180
-0.8849999633154970 0.7699999266309940 0.0155292729235180
-0.9739277052402791 -0.9739277052402791 0.0044428528714150
0.9478554104805590 -0.9739277052402791 0.0044428528714150
-0.9739277052402791 0.9478554104805590 0.0044428528714150
-0.4193403972828460 0.4185493135724820 0.0045994090245610
0.4185493135724820 -0.4193403972828460 0.0045994090245610
-0.9992089162896360 0.4185493135724820 0.0045994090245610
0.4185493135724820 -0.9992089162896360 0.0045994090245610
-0.9992089162896360 -0.4193403972828460 0.0045994090245610
-0.4193403972828460 -0.9992089162896360 0.0045994090245610
-0.1542855658018250 0.1312850168692050 0.0166083270012530
0.1312850168692050 -0.1542855658018250 0.0166083270012530
-0.9769994510673800 0.1312850168692050 0.0166083270012530
0.1312850168692050 -0.9769994510673800 0.0166083270012530
-0.9769994510673800 -0.1542855658018250 0.0166083270012530
-0.1542855658018250 -0.9769994510673800 0.0166083270012530
-0.8643280429376150 0.8422627781251339 0.0085083506642540
0.8422627781251339 -0.8643280429376150 0.0085083506642540
-0.9779347351875191 0.8422627781251339 0.0085083506642540
0.8422627781251339 -0.9779347351875191 0.0085083506642540
-0.9779347351875191 -0.8643280429376150 0.0085083506642540
-0.8643280429376150 -0.9779347351875191 0.0085083506642540
-0.6769806797798500 0.6543512286666620 0.0127527605160720
0.6543512286666620 -0.6769806797798500 0.0127527605160720
-0.9773705488868120 0.6543512286666620 0.0127527605160720
0.6543512286666620 -0.9773705488868120 0.0127527605160720
-0.9773705488868120 -0.6769806797798500 0.0127527605160720
-0.6769806797798500 -0.9773705488868120 0.0127527605160720
-0.4510380349948820 0.3919334931500740 0.0248647311372050
0.3919334931500740 -0.4510380349948820 0.0248647311372050
-0.9408954581551920 0.3919334931500740 0.0248647311372050
0.3919334931500740 -0.9408954581551920 0.0248647311372050
-0.9408954581551920 -0.4510380349948820 0.0248647311372050
-0.4510380349948820 -0.9408954581551920 0.0248647311372050
-0.7550790030354260 0.6437757580221219 0.0127794698783810
0.6437757580221219 -0.7550790030354260 0.0127794698783810
-0.8886967549866970 0.6437757580221219 0.0127794698783810
0.6437757580221219 -0.8886967549866970 0.0127794698783810
-0.8886967549866970 -0.7550790030354260 0.0127794698783810
-0.7550790030354260 -0.8886967549866970 0.0127794698783810
-0.6685000258313760 0.5446224679803260 0.0178015029506150
0.5446224679803260 -0.6685000258313760 0.0178015029506150
-0.8761224421489500 0.5446224679803260 0.0178015029506150
0.5446224679803260 -0.8761224421489500 0.0178015029506150
-0.8761224421489500 -0.6685000258313760 0.0178015029506150
-0.6685000258313760 -0.8761224421489500 0.0178015029506150
-0.2059541582840950 0.0905242061625200 0.0357382332667170
0.0905242061625200 -0.2059541582840950 0.0357382332667170
-0.8845700478784250 0.0905242061625200 0.0357382332667170
0.0905242061625200 -0.8845700478784250 0.0357382332667170
-0.8845700478784250 -0.2059541582840950 0.0357382332667170
-0.2059541582840950 -0.8845700478784250 0.0357382332667170
-0.4884766864712500 0.2957576696345620 0.0383441994044530
0.2957576696345620 -0.4884766864712500 0.0383441994044530
-0.8072809831633110 0.2957576696345620 0.0383441994044530
0.2957576696345620 -0.8072809831633110 0.0383441994044530
-0.8072809831633110 -0.4884766864712500 0.0383441994044530
-0.4884766864712500 -0.8072809831633110 0.0383441994044530
-0.3425078068057150 0.0422143914807520 0.0429715131306130
0.0422143914807520 -0.3425078068057150 0.0429715131306130
-0.6997065846750370 0.0422143914807510 0.0429715131306130
0.0422143914807510 -0.6997065846750370 0.0429715131306130
-0.6997065846750370 -0.3425078068057150 0.0429715131306130
-0.3425078068057150 -0.6997065846750370 0.0429715131306130