-0.922327831310231 -0.9513620515037141 0.8058575980272225 0.009461059802212712
-0.8704611261398938 -0.4643116036328488 0.2735350171170275 0.04201254651027522
-0.8704496791057892 -0.9530644088538917 -0.2182758986579757 0.0323083825032591
-0.4441926613398445 -0.8725342094100046 0.1898193780435916 0.06518676786992289
-0.8678026751706385 -0.8326423718798898 0.260109110221979 0.0707110985442259
-0.3497606828459493 -0.3412405629016029 -0.3463329907619084 0.0576523955939645
-0.3616114393021378 -0.3916614693004365 -0.9112333112855832 0.08951442161674271
-0.343223657537557 -0.9234226585235092 -0.3594251326046153 0.07976179688190556
-0.8898019550185483 -0.2961216053305913 -0.2378313821873799 0.08348596704174845
-0.7507000727250277 -0.6957923773801388 -0.5975308652711581 0.08577869596411669
-0.8681501536799804 0.2486427271068594 -0.4928126505135994 0.05812053074750557
-0.985290952323861 -0.5774046828368273 -0.4976310094449407 0.03008755637085717
0.2349114402945376 -0.8736000381148603 -0.4831017020321488 0.06215084550210762
-0.4411598941080236 -0.4883584314700276 -0.460860140733456 0.1501325393254237
-0.4245498103470715 0.1546915627794538 -0.8707587238532627 0.071913347504416
0.1894346037515911 -0.8696440144732591 -0.8667934039847932 0.06635817345535239
-0.8664208004365244 0.06012655096203363 -0.8460145657980651 0.08408848251402733
0.2530804034177644 -0.5031009197622103 -0.8757689336328026 0.06286404062968165
-0.8799788339594619 -0.5739176335276284 -0.9483146274785937 0.03400576568938988
-0.4484273990602982 -0.8920077183281709 -0.8799677016676627 0.05295213019877635
-0.8973495876695942 0.6822779033246367 -0.9254704957232888 0.0212339722466717
-0.9188478978663642 -0.9824360844449622 -0.8227992990621793 0.01389778096492793
0.8075400026643635 -0.9542683523719533 -0.9413285578336419 0.009655035855822634
