-0.0272851033180060 -0.0272851033180060 0.0053616164314130
-0.9454297933639890 -0.0272851033180060 0.0053616164314130
-0.0272851033180060 -0.9454297933639890 0.0053616164314130
-0.0686290181834520 -0.0686290181834520 0.0127321914270310
-0.8627419636330960 -0.0686290181834520 0.0127321914270310
-0.0686290181834520 -0.8627419636330960 0.0127321914270310
-0.1361746242472520 -0.1361746242472520 0.0297070488086350
-0.7276507515054950 -0.1361746242472520 0.0297070488086350
-0.1361746242472520 -0.7276507515054950 0.0297070488086350
-0.2144403935971620 -0.2144403935971620 0.0267094873581420
-0.5711192128056750 -0.2144403935971620 0.0267094873581420
-0.2144403935971620 -0.5711192128056750 0.0267094873581420
-0.3929273037339240 -0.3929273037339240 0.0316911976895890
-0.2141453925321520 -0.3929273037339240 0.0316911976895890
-0.3929273037339240 -0.2141453925321520 0.0316911976895890
-0.5412835413733410 -0.5412835413733410 0.0282815965777040
0.0825670827466820 -0.5412835413733410 0.0282815965777040
-0.5412835413733410 0.0825670827466820 0.0282815965777040
-0.7101716702705780 -0.7101716702705780 0.0224605612692830
0.4203433405411560 -0.7101716702705780 0.0224605612692830
-0.7101716702705780 0.4203433405411560 0.0224605612692830
-0.8322510717899509 -0.8322510717899509 0.0131603823186250
0.6645021435799020 -0.8322510717899509 0.0131603823186250
-0.8322510717899509 0.6645021435799020 0.0131603823186250
-0.9319283551635420 -0.9319283551635420 0.0058284652255100
0.8638567103270840 -0.9319283551635420 0.0058284652255100
-0.9319283551635420 0.8638567103270840 0.0058284652255100
-0.9870780786308290 -0.9870780786308290 0.0010987627872510
0.9741561572616571 -0.9870780786308290 0.0010987627872510
-0.9870780786308290 0.9741561572616571 0.0010987627872510
-0.9321138553895980 0.9190722860677421 0.0025576220231500
0.9190722860677421 -0.9321138553895980 0.0025576220231500
-0.9869584306781450 0.9190722860677421 0.0025576220231500
0.9190722860677421 -0.9869584306781450 0.0025576220231500
-0.9869584306781450 -0.9321138553895970 0.0025576220231500
-0.9321138553895970 -0.9869584306781450 0.0025576220231500
-0.3318321159076690 0.3184122205336340 0.0070889002262420
0.3184122205336340 -0.3318321159076690 0.0070889002262420
-0.9865801046259650 0.3184122205336340 0.0070889002262420
0.3184122205336340 -0.9865801046259650 0.0070889002262420
-0.9865801046259650 -0.3318321159076690 0.0070889002262420
-0.3318321159076690 -0.9865801046259650 0.0070889002262420
-0.1172846488165430 0.1056353249252590 0.0065880004466090
0.1056353249252590 -0.1172846488165430 0.0065880004466090
-0.9883506761087170 0.1056353249252590 0.0065880004466090
0.1056353249252590 -0.9883506761087170 0.0065880004466090
-0.9883506761087170 -0.1172846488165430 0.0065880004466090
-0.1172846488165430 -0.9883506761087170 0.0065880004466090
-0.5281795835235210 0.5153635211906580 0.0060697086539290
0.5153635211906580 -0.5281795835235210 0.0060697086539290
-0.9871839376671370 0.5153635211906580 0.0060697086539290
0.5153635211906580 -0.9871839376671370 0.0060697086539290
-0.9871839376671370 -0.5281795835235210 0.0060697086539290
-0.5281795835235210 -0.9871839376671370 0.0060697086539290
-0.6981830695482910 0.6856668778598630 0.0049421287067060
0.6856668778598630 -0.6981830695482910 0.0049421287067060
-0.9874838083115720 0.6856668778598630 0.0049421287067060
0.6856668778598630 -0.9874838083115720 0.0049421287067060
-0.9874838083115720 -0.6981830695482910 0.0049421287067060
-0.6981830695482910 -0.9874838083115720 0.0049421287067060
-0.8346636131790690 0.8211279852485160 0.0040763400704430
0.8211279852485160 -0.8346636131790690 0.0040763400704430
-0.9864643720694470 0.8211279852485160 0.0040763400704430
0.8211279852485160 -0.9864643720694470 0.0040763400704430
-0.9864643720694470 -0.8346636131790690 0.0040763400704430
-0.8346636131790690 -0.9864643720694470 0.0040763400704430
-0.7001662210862940 0.6349166447683720 0.0111202802390450
0.6349166447683720 -0.7001662210862940 0.0111202802390450
-0.9347504236820769 0.6349166447683720 0.0111202802390450
0.6349166447683720 -0.9347504236820769 0.0111202802390450
-0.9347504236820779 -0.7001662210862940 0.0111202802390450
-0.7001662210862940 -0.9347504236820779 0.0111202802390450
-0.1602451135911150 0.0968014063705270 0.0127553586406940
0.0968014063705270 -0.1602451135911150 0.0127553586406940
-0.9365562927794120 0.0968014063705270 0.0127553586406940
0.0968014063705270 -0.9365562927794120 0.0127553586406940
-0.9365562927794120 -0.1602451135911150 0.0127553586406940
-0.1602451135911150 -0.9365562927794120 0.0127553586406940
-0.3488145523908680 0.2794444404340720 0.0145491570453870
0.2794444404340720 -0.3488145523908680 0.0145491570453870
-0.9306298880432040 0.2794444404340720 0.0145491570453870
0.2794444404340720 -0.9306298880432040 0.0145491570453870
-0.9306298880432040 -0.3488145523908680 0.0145491570453870
-0.3488145523908680 -0.9306298880432040 0.0145491570453870
-0.8351493436142320 0.7648343259978900 0.0091218803555760
0.7648343259978900 -0.8351493436142320 0.0091218803555760
-0.9296849823836590 0.7648343259978900 0.0091218803555760
0.7648343259978900 -0.9296849823836590 0.0091218803555760
-0.9296849823836590 -0.8351493436142320 0.0091218803555760
-0.8351493436142320 -0.9296849823836590 0.0091218803555760
-0.5340468927461880 0.4666630825053310 0.0135828089140650
0.4666630825053310 -0.5340468927461880 0.0135828089140650
-0.9326161897591430 0.4666630825053310 0.0135828089140650
0.4666630825053310 -0.9326161897591430 0.0135828089140650
-0.9326161897591430 -0.5340468927461880 0.0135828089140650
-0.5340468927461880 -0.9326161897591430 0.0135828089140650
-0.7043731545663920 0.5467260332932710 0.0155852489544340
0.5467260332932710 -0.7043731545663920 0.0155852489544340
-0.8423528787268790 0.5467260332932710 0.0155852489544340
0.5467260332932710 -0.8423528787268790 0.0155852489544340
-0.8423528787268790 -0.7043731545663920 0.0155852489544340
-0.7043731545663920 -0.8423528787268790 0.0155852489544340
-0.2202248632807880 0.0608701042448930 0.0189601513693880
0.0608701042448930 -0.2202248632807880 0.0189601513693880
-0.8406452409641040 0.0608701042448930 0.0189601513693880
0.0608701042448930 -0.8406452409641040 0.0189601513693880
-0.8406452409641040 -0.2202248632807880 0.0189601513693880
-0.2202248632807880 -0.8406452409641040 0.0189601513693880
-0.3949892542211120 0.2306094343583430 0.0192062003530330
0.2306094343583430 -0.3949892542211120 0.0192062003530330
-0.8356201801372320 0.2306094343583430 0.0192062003530330
0.2306094343583430 -0.8356201801372320 0.0192062003530330
-0.8356201801372320 -0.3949892542211120 0.0192062003530330
-0.3949892542211120 -0.8356201801372320 0.0192062003530330
-0.5575637517735780 0.3932740563324180 0.0181218390593180
0.3932740563324180 -0.5575637517735780 0.0181218390593180
-0.8357103045588400 0.3932740563324180 0.0181218390593180
0.3932740563324180 -0.8357103045588400 0.0181218390593180
-0.8357103045588400 -0.5575637517735780 0.0181218390593180
-0.5575637517735780 -0.8357103045588400 0.0181218390593180
-0.3505224504366030 0.0606301419775350 0.0284037059518630
0.0606301419775350 -0.3505224504366030 0.0284037059518630
-0.7101076915409320 0.0606301419775350 0.0284037059518630
0.0606301419775350 -0.7101076915409320 0.0284037059518630
-0.7101076915409320 -0.3505224504366030 0.0284037059518630
-0.3505224504366030 -0.7101076915409320 0.0284037059518630
-0.5442466854686490 0.2463157772338030 0.0269861627609300
0.2463157772338030 -0.5442466854686490 0.0269861627609300
-0.7020690917651540 0.2463157772338030 0.0269861627609300
0.2463157772338030 -0.7020690917651540 0.0269861627609300
-0.7020690917651540 -0.5442466854686490 0.0269861627609300
-0.5442466854686490 -0.7020690917651540 0.0269861627609300
-0.3739962650637020 -0.0640721305070710 0.0251021846159300
-0.0640721305070710 -0.3739962650637020 0.0251021846159300
-0.5619316044292270 -0.0640721305070710 0.0251021846159300
-0.0640721305070710 -0.5619316044292270 0.0251021846159300
-0.5619316044292270 -0.3739962650637020 0.0251021846159300
-0.3739962650637020 -0.5619316044292270 0.0251021846159300