-0.6505802913856534 -0.9199836898861271 0.0030358987655016443
0.5705639812717811 -0.6505802913856542 0.0030358987655016443
-0.9199836898861271 0.5705639812717824 0.0030358987655016443
0.5705639812717815 -0.9199836898861271 0.0030358987655016443
-0.6505802913856535 0.5705639812717813 0.0030358987655016443
-0.9199836898861273 -0.6505802913856531 0.0030358987655016443
-0.2260698856723478 -0.9826751655370964 0.0019280726177740488
0.2087450512094437 -0.22606988567234743 0.0019280726177740488
-0.982675165537096 0.20874505120944414 0.0019280726177740488
0.20874505120944425 -0.9826751655370964 0.0019280726177740488
-0.22606988567234704 0.20874505120944414 0.0019280726177740488
-0.9826751655370964 -0.22606988567234684 0.0019280726177740488
-0.747878133129189 -0.997397781703292 0.0005627007330644005
0.7452759148324815 -0.7478781331291888 0.0005627007330644005
-0.997397781703292 0.7452759148324821 0.0005627007330644005
0.745275914832481 -0.997397781703292 0.0005627007330644005
-0.747878133129189 0.7452759148324821 0.0005627007330644005
-0.9973977817032926 -0.7478781331291888 0.0005627007330644005
-0.6432539675407365 -0.6432539675407369 0.006459755348904978
0.2865079350814735 -0.6432539675407369 0.006459755348904978
-0.6432539675407369 0.28650793508147393 0.006459755348904978
-0.4321500959989991 -0.5087429892433077 0.009372442674930247
-0.059106914757692586 -0.4321500959989988 0.009372442674930247
-0.5087429892433084 -0.05910691475769225 0.009372442674930247
-0.05910691475769314 -0.5087429892433077 0.009372442674930247
-0.43215009599899906 -0.05910691475769225 0.009372442674930247
-0.5087429892433086 -0.4321500959989987 0.009372442674930247
-0.33950346133107556 -0.4985167276527812 0.009035797996766444
-0.16197981101614345 -0.33950346133107506 0.009035797996766444
-0.49851672765278193 -0.16197981101614248 0.009035797996766444
-0.16197981101614306 -0.4985167276527812 0.009035797996766444
-0.3395034613310756 -0.16197981101614248 0.009035797996766444
-0.4985167276527815 -0.33950346133107495 0.009035797996766444
-0.8543186927879762 -0.8543186927879773 0.0031581835720367653
0.7086373855759549 -0.8543186927879773 0.0031581835720367653
-0.8543186927879773 0.7086373855759549 0.0031581835720367653
-0.48790811786368443 -0.996980525012239 0.0008528269625984386
0.4848886428759232 -0.4879081178636845 0.0008528269625984386
-0.9969805250122394 0.48488864287592487 0.0008528269625984386
0.48488864287592354 -0.996980525012239 0.0008528269625984386
-0.48790811786368443 0.48488864287592487 0.0008528269625984386
-0.9969805250122403 -0.4879081178636834 0.0008528269625984386
-0.47920936773104694 -0.78203323957415 0.006493673260210443
0.2612426073051967 -0.4792093677310474 0.006493673260210443
-0.7820332395741497 0.2612426073051975 0.006493673260210443
0.26124260730519705 -0.78203323957415 0.006493673260210443
-0.4792093677310477 0.2612426073051975 0.006493673260210443
-0.7820332395741503 -0.4792093677310474 0.006493673260210443
-0.14202328872118578 -0.7159534225576283 0.00786181095764048
-0.14202328872118608 -0.1420232887211858 0.00786181095764048
-0.7159534225576281 -0.1420232887211858 0.00786181095764048
-0.6585746072413161 -0.796062566182448 0.005422699787482891
0.45463717342376414 -0.6585746072413161 0.005422699787482891
-0.7960625661824478 0.45463717342376414 0.005422699787482891
0.45463717342376403 -0.796062566182448 0.005422699787482891
-0.6585746072413159 0.45463717342376414 0.005422699787482891
-0.7960625661824485 -0.658574607241315 0.005422699787482891
-0.25071188380974974 -0.9604554228502804 0.003265516453884925
0.21116730666003009 -0.25071188380975007 0.003265516453884925
-0.9604554228502806 0.21116730666003153 0.003265516453884925
0.2111673066600303 -0.9604554228502804 0.003265516453884925
-0.2507118838097502 0.21116730666003042 0.003265516453884925
-0.9604554228502802 -0.25071188380974946 0.003265516453884925
-0.12966308541203378 -0.9972916294238123 0.0009580603523580722
0.12695471483584697 -0.12966308541203392 0.0009580603523580722
-0.9972916294238128 0.12695471483584758 0.0009580603523580722
0.12695471483584625 -0.9972916294238123 0.0009580603523580722
-0.12966308541203317 0.12695471483584642 0.0009580603523580722
-0.9972916294238137 -0.12966308541203278 0.0009580603523580722
-0.7218152175417927 -0.8247142949680046 0.005200543658877664
0.5465295125097971 -0.7218152175417921 0.005200543658877664
-0.8247142949680052 0.546529512509798 0.005200543658877664
0.5465295125097973 -0.8247142949680046 0.005200543658877664
-0.7218152175417925 0.546529512509798 0.005200543658877664
-0.8247142949680049 -0.7218152175417921 0.005200543658877664
-0.4396986913975444 -0.8431688420696011 0.0061476153240114986
0.28286753346714494 -0.439698691397544 0.0061476153240114986
-0.8431688420696009 0.2828675334671458 0.0061476153240114986
0.2828675334671456 -0.8431688420696011 0.0061476153240114986
-0.4396986913975439 0.2828675334671458 0.0061476153240114986
-0.8431688420696011 -0.4396986913975436 0.0061476153240114986
-0.3073376251448805 -0.874504454723817 0.005975639700454592
0.18184207986869744 -0.3073376251448807 0.005975639700454592
-0.8745044547238168 0.18184207986869777 0.005975639700454592
0.18184207986869744 -0.874504454723817 0.005975639700454592
-0.30733762514488083 0.18184207986869777 0.005975639700454592
-0.8745044547238168 -0.3073376251448804 0.005975639700454592
-0.23766232430885964 -0.5246753513822807 0.009991718449932342
-0.2376623243088594 -0.23766232430885914 0.009991718449932342
-0.5246753513822815 -0.23766232430885903 0.009991718449932342
-0.771510413282436 -0.985788539092322 0.001385182699357122
0.7572989523747582 -0.7715104132824362 0.001385182699357122
-0.9857885390923216 0.7572989523747593 0.001385182699357122
0.757298952374758 -0.985788539092322 0.001385182699357122
-0.7715104132824366 0.7572989523747593 0.001385182699357122
-0.9857885390923218 -0.7715104132824362 0.001385182699357122
-0.4797044345711922 -0.9182190515434596 0.004528378991793183
0.3979234861146523 -0.4797044345711926 0.004528378991793183
-0.9182190515434601 0.3979234861146523 0.004528378991793183
0.39792348611465184 -0.9182190515434596 0.004528378991793183
-0.4797044345711921 0.3979234861146523 0.004528378991793183
-0.9182190515434603 -0.47970443457119144 0.004528378991793183
-0.3228090992605551 -0.9350102339448798 0.004336723874542785
0.25781933320543476 -0.32280909926055557 0.004336723874542785
-0.9350102339448798 0.25781933320543576 0.004336723874542785
0.257819333205435 -0.9350102339448798 0.004336723874542785
-0.32280909926055584 0.25781933320543576 0.004336723874542785
-0.9350102339448794 -0.32280909926055507 0.004336723874542785
-0.11895010567861625 -0.9825419114201275 0.002520668964951251
0.10149201709874395 -0.11895010567861575 0.002520668964951251
-0.9825419114201281 0.10149201709874434 0.002520668964951251
0.10149201709874373 -0.9825419114201275 0.002520668964951251
-0.11895010567861616 0.10149201709874434 0.002520668964951251
-0.982541911420127 -0.11895010567861575 0.002520668964951251
-0.8285530325184733 -0.9968504826719613 0.0006038560108840768
0.8254035151904346 -0.8285530325184732 0.0006038560108840768
-0.9968504826719591 0.8254035151904302 0.0006038560108840768
0.8254035151904346 -0.9968504826719613 0.0006038560108840768
-0.8285530325184702 0.8254035151904302 0.0006038560108840768
-0.996850482671962 -0.828553032518472 0.0006038560108840768
-0.5985232648057628 -0.5985232648057623 0.008155837805759465
0.1970465296115253 -0.5985232648057623 0.008155837805759465
-0.598523264805763 0.19704652961152608 0.008155837805759465
-0.4280318267204434 -0.5969355889285831 0.009123246054912635
0.024967415649026548 -0.42803182672044293 0.009123246054912635
-0.5969355889285832 0.024967415649026603 0.009123246054912635
0.02496741564902555 -0.5969355889285831 0.009123246054912635
-0.42803182672044304 0.024967415649026603 0.009123246054912635
-0.5969355889285837 -0.4280318267204426 0.009123246054912635
-0.3955138702945838 -0.8971636729712824 0.005286285527806145
0.292677543265866 -0.39551387029458396 0.005286285527806145
-0.8971636729712826 0.2926775432658673 0.005286285527806145
0.2926775432658662 -0.8971636729712824 0.005286285527806145
-0.3955138702945846 0.2926775432658673 0.005286285527806145
-0.8971636729712822 -0.3955138702945833 0.005286285527806145
-0.7708851485422283 -0.9619425023528831 0.002262919858566895
0.732827650895111 -0.7708851485422279 0.002262919858566895
-0.9619425023528831 0.7328276508951124 0.002262919858566895
0.7328276508951117 -0.9619425023528831 0.002262919858566895
-0.7708851485422286 0.7328276508951124 0.002262919858566895
-0.961942502352884 -0.7708851485422279 0.002262919858566895
-0.5754071399609382 -0.9184238815843198 0.004217746376763762
0.4938310215452583 -0.5754071399609386 0.004217746376763762
-0.9184238815843198 0.49383102154525954 0.004217746376763762
0.4938310215452579 -0.9184238815843198 0.004217746376763762
-0.5754071399609382 0.49383102154525843 0.004217746376763762
-0.9184238815843202 -0.5754071399609375 0.004217746376763762
-0.907443553648261 -0.9074435536482619 0.002343573096548983
0.8148871072965231 -0.9074435536482619 0.002343573096548983
-0.9074435536482619 0.814887107296524 0.002343573096548983
-0.40571382227350405 -0.4057138222735039 0.010168107515984107
-0.18857235545299209 -0.4057138222735038 0.010168107515984107
-0.4057138222735041 -0.18857235545299172 0.010168107515984107
-0.7069431405801956 -0.9429707762068467 0.0031216374022426537
0.6499139167870434 -0.7069431405801966 0.0031216374022426537
-0.9429707762068471 0.6499139167870445 0.0031216374022426537
0.6499139167870425 -0.9429707762068467 0.0031216374022426537
-0.7069431405801956 0.6499139167870434 0.0031216374022426537
-0.9429707762068473 -0.7069431405801954 0.0031216374022426537
-0.2518367077823461 -0.6925826827767191 0.009261702224820725
-0.055580609440934126 -0.25183670778234574 0.009261702224820725
-0.6925826827767201 -0.05558060944093374 0.009261702224820725
-0.055580609440934736 -0.6925826827767191 0.009261702224820725
-0.2518367077823461 -0.05558060944093374 0.009261702224820725
-0.6925826827767192 -0.2518367077823455 0.009261702224820725
-0.8365863392004895 -0.9507893592318228 0.0023296756490467896
0.7873756984323121 -0.8365863392004902 0.0023296756490467896
-0.9507893592318224 0.787375698432313 0.0023296756490467896
0.7873756984323124 -0.9507893592318228 0.0023296756490467896
-0.83658633920049 0.787375698432313 0.0023296756490467896
-0.9507893592318224 -0.8365863392004891 0.0023296756490467896
-0.9783157564619849 -0.978315756461986 0.000581986879582507
0.9566315129239722 -0.978315756461986 0.000581986879582507
-0.9783157564619838 0.9566315129239675 0.000581986879582507
-0.4117050422383103 -0.9529289961400353 0.003815695174225613
0.36463403837834535 -0.41170504223831067 0.003815695174225613
-0.9529289961400353 0.3646340383783468 0.003815695174225613
0.3646340383783457 -0.9529289961400353 0.003815695174225613
-0.4117050422383108 0.36463403837834557 0.003815695174225613
-0.9529289961400349 -0.41170504223831 0.003815695174225613
-0.6498592610346965 -0.724566557479759 0.0072414718660708975
0.3744258185144553 -0.6498592610346965 0.0072414718660708975
-0.7245665574797587 0.3744258185144565 0.0072414718660708975
0.3744258185144555 -0.724566557479759 0.0072414718660708975
-0.6498592610346972 0.3744258185144565 0.0072414718660708975
-0.7245665574797587 -0.6498592610346965 0.0072414718660708975
-0.7942932366737411 -0.7942932366737419 0.004935965277478458
0.5885864733474839 -0.7942932366737419 0.004935965277478458
-0.7942932366737424 0.5885864733474848 0.004935965277478458
-0.9047589243884537 -0.9780493798215366 0.001209411833222669
0.8828083042099906 -0.9047589243884548 0.001209411833222669
-0.9780493798215388 0.8828083042099961 0.001209411833222669
0.8828083042099903 -0.9780493798215366 0.001209411833222669
-0.9047589243884566 0.8828083042099961 0.001209411833222669
-0.9780493798215371 -0.9047589243884537 0.001209411833222669
-0.36485503697334554 -0.6790686855945509 0.008943156057645152
0.04392372256789706 -0.364855036973346 0.008943156057645152
-0.6790686855945507 0.043923722567897616 0.008943156057645152
0.04392372256789645 -0.6790686855945509 0.008943156057645152
-0.3648550369733462 0.04392372256789645 0.008943156057645152
-0.679068685594551 -0.36485503697334587 0.008943156057645152
-0.4237238920098447 -0.7341014645246005 0.00864357311188913
0.15782535653444552 -0.42372389200984495 0.00864357311188913
-0.7341014645246013 0.15782535653444674 0.00864357311188913
0.1578253565344453 -0.7341014645246005 0.00864357311188913
-0.4237238920098447 0.15782535653444552 0.00864357311188913
-0.7341014645246007 -0.4237238920098446 0.00864357311188913
-0.4640582213934072 -0.9824900975373776 0.002366891936005737
0.44654831893078456 -0.4640582213934072 0.002366891936005737
-0.9824900975373769 0.446548318930786 0.002366891936005737
0.4465483189307848 -0.9824900975373776 0.002366891936005737
-0.46405822139340797 0.446548318930786 0.002366891936005737
-0.9824900975373774 -0.4640582213934072 0.002366891936005737
-0.03165287316661031 -0.9366942536667793 0.004895109783750312
-0.031652873166610085 -0.03165287316660975 0.004895109783750312
-0.9366942536667802 -0.03165287316660975 0.004895109783750312
-0.5212418815939461 -0.9585124760332875 0.0034196922385182522
0.4797543576272331 -0.5212418815939462 0.0034196922385182522
-0.958512476033287 0.479754357627234 0.0034196922385182522
0.4797543576272338 -0.9585124760332875 0.0034196922385182522
-0.5212418815939459 0.479754357627234 0.0034196922385182522
-0.9585124760332875 -0.5212418815939451 0.0034196922385182522
-0.6162934568605938 -0.9604794206318505 0.003052133555063937
0.5767728774924437 -0.6162934568605933 0.003052133555063937
-0.9604794206318503 0.576772877492445 0.003052133555063937
0.5767728774924443 -0.9604794206318505 0.003052133555063937
-0.6162934568605944 0.576772877492445 0.003052133555063937
-0.9604794206318503 -0.6162934568605933 0.003052133555063937
-0.22535151493163022 -0.9141214284462655 0.005505804138927187
0.13947294337789595 -0.2253515149316298 0.005505804138927187
-0.9141214284462664 0.13947294337789679 0.005505804138927187
0.13947294337789579 -0.9141214284462655 0.005505804138927187
-0.22535151493163036 0.13947294337789679 0.005505804138927187
-0.9141214284462664 -0.22535151493162936 0.005505804138927187
-0.2929351683431784 -0.7642151636834191 0.008726454473582494
0.05715033202659714 -0.2929351683431781 0.008726454473582494
-0.7642151636834189 0.057150332026597916 0.008726454473582494
0.05715033202659758 -0.7642151636834191 0.008726454473582494
-0.2929351683431789 0.057150332026597916 0.008726454473582494
-0.764215163683419 -0.2929351683431779 0.008726454473582494
-0.8956450219702876 -0.9492505410748329 0.0019325707124651019
0.84489556304512 -0.8956450219702878 0.0019325707124651019
-0.94925054107483 0.844895563045116 0.0019325707124651019
0.8448955630451205 -0.9492505410748329 0.0019325707124651019
-0.8956450219702854 0.844895563045116 0.0019325707124651019
-0.9492505410748331 -0.8956450219702878 0.0019325707124651019
-0.352595767697372 -0.8129412358303079 0.007563105336137292
0.16553700352768003 -0.35259576769737194 0.007563105336137292
-0.8129412358303081 0.16553700352768008 0.007563105336137292
0.16553700352767992 -0.8129412358303079 0.007563105336137292
-0.352595767697372 0.16553700352768008 0.007563105336137292
-0.8129412358303083 -0.3525957676973715 0.007563105336137292
-0.25588127865030297 -0.9960257930238541 0.0012071386254938574
0.2519070716741563 -0.2558812786503027 0.0012071386254938574
-0.9960257930238541 0.2519070716741581 0.0012071386254938574
0.2519070716741571 -0.9960257930238541 0.0012071386254938574
-0.2558812786503024 0.2519070716741569 0.0012071386254938574
-0.9960257930238539 -0.25588127865030214 0.0012071386254938574
-0.1726149307857901 -0.7826196074129881 0.008510327921677928
-0.04476546180122193 -0.17261493078579015 0.008510327921677928
-0.7826196074129887 -0.044765461801220485 0.008510327921677928
-0.044765461801221706 -0.7826196074129881 0.008510327921677928
-0.17261493078579013 -0.04476546180122165 0.008510327921677928
-0.7826196074129885 -0.17261493078578902 0.008510327921677928
-0.4982691127171254 -0.6501953316980733 0.00969810664481833
0.14846444441519896 -0.4982691127171259 0.00969810664481833
-0.6501953316980731 0.14846444441519913 0.00969810664481833
0.14846444441519868 -0.6501953316980733 0.00969810664481833
-0.4982691127171257 0.14846444441519913 0.00969810664481833
-0.6501953316980735 -0.4982691127171247 0.00969810664481833
-0.5263045929224321 -0.8660681732567037 0.0060509836306703296
0.3923727661791367 -0.5263045929224333 0.0060509836306703296
-0.8660681732567028 0.3923727661791359 0.0060509836306703296
0.3923727661791358 -0.8660681732567037 0.0060509836306703296
-0.5263045929224329 0.3923727661791359 0.0060509836306703296
-0.8660681732567039 -0.5263045929224321 0.0060509836306703296
-0.7800846339147032 -0.9180417324585357 0.0036605318218984016
0.6981263663732387 -0.7800846339147033 0.0036605318218984016
-0.9180417324585357 0.6981263663732402 0.0036605318218984016
0.6981263663732389 -0.9180417324585357 0.0036605318218984016
-0.7800846339147036 0.6981263663732402 0.0036605318218984016
-0.9180417324585364 -0.7800846339147033 0.0036605318218984016
-0.1405361942096366 -0.9510671698483089 0.0046225822905449675
0.09160336405794539 -0.14053619420963662 0.0046225822905449675
-0.9510671698483086 0.0916033640579455 0.0046225822905449675
0.09160336405794545 -0.9510671698483089 0.0046225822905449675
-0.1405361942096367 0.0916033640579455 0.0046225822905449675
-0.9510671698483086 -0.14053619420963662 0.0046225822905449675
-0.7124639251332556 -0.8866238233179828 0.004595236256586217
0.5990877484512382 -0.7124639251332546 0.004595236256586217
-0.8866238233179831 0.5990877484512387 0.004595236256586217
0.5990877484512385 -0.8866238233179828 0.004595236256586217
-0.712463925133255 0.5990877484512387 0.004595236256586217
-0.8866238233179837 -0.7124639251332546 0.004595236256586217
-0.8451786440026183 -0.9806950332769071 0.001547485202910639
0.8258736772795252 -0.8451786440026183 0.001547485202910639
-0.9806950332769049 0.8258736772795221 0.001547485202910639
0.8258736772795257 -0.9806950332769071 0.001547485202910639
-0.8451786440026163 0.8258736772795221 0.001547485202910639
-0.9806950332769078 -0.8451786440026183 0.001547485202910639
-0.688587988669306 -0.977800864745358 0.002218221581326537
0.6663888534146645 -0.6885879886693068 0.002218221581326537
-0.9778008647453573 0.6663888534146649 0.002218221581326537
0.666388853414664 -0.977800864745358 0.002218221581326537
-0.6885879886693065 0.6663888534146649 0.002218221581326537
-0.9778008647453582 -0.6885879886693057 0.002218221581326537
-0.37429339510069715 -0.9960518564241276 0.0011834560141574986
0.37034525152482484 -0.3742933951006975 0.0011834560141574986
-0.9960518564241276 0.37034525152482517 0.0011834560141574986
0.37034525152482484 -0.9960518564241276 0.0011834560141574986
-0.37429339510069753 0.37034525152482517 0.0011834560141574986
-0.9960518564241276 -0.3742933951006968 0.0011834560141574986
-0.94781946772364 -0.9778822654388537 0.0009326581566796512
0.9257017331624937 -0.9478194677236409 0.0009326581566796512
-0.9778822654388553 0.9257017331624984 0.0009326581566796512
0.9257017331624939 -0.9778822654388537 0.0009326581566796512
-0.9478194677236422 0.9257017331624984 0.0009326581566796512
-0.9778822654388541 -0.9478194677236398 0.0009326581566796512
-0.6686542783640173 -0.9950749111552675 0.0010121090284283458
0.6637291895192843 -0.6686542783640166 0.0010121090284283458
-0.9950749111552677 0.6637291895192854 0.0010121090284283458
0.6637291895192838 -0.9950749111552675 0.0010121090284283458
-0.6686542783640166 0.6637291895192854 0.0010121090284283458
-0.9950749111552677 -0.6686542783640166 0.0010121090284283458
-0.013477608867894286 -0.9730447822642114 0.0033669423535716892
-0.013477608867894841 -0.01347760886789423 0.0033669423535716892
-0.9730447822642108 -0.01347760886789423 0.0033669423535716892
-0.8515484906473774 -0.907209974034725 0.0030924104871804946
0.7587584646821026 -0.8515484906473769 0.0030924104871804946
-0.9072099740347253 0.7587584646821035 0.0030924104871804946
0.7587584646821026 -0.907209974034725 0.0030924104871804946
-0.8515484906473774 0.7587584646821035 0.0030924104871804946
-0.9072099740347255 -0.8515484906473769 0.0030924104871804946
-0.942332165525972 -0.995842800150252 0.00044763354505412587
0.9381749656762233 -0.9423321655259727 0.00044763354505412587
-0.9958428001502533 0.9381749656762282 0.00044763354505412587
0.9381749656762239 -0.995842800150252 0.00044763354505412587
-0.9423321655259738 0.9381749656762282 0.00044763354505412587
-0.9958428001502522 -0.9423321655259715 0.00044763354505412587
-0.6263546786553699 -0.8632934064033562 0.005912370367787951
0.489648085058726 -0.6263546786553698 0.005912370367787951
-0.863293406403356 0.48964808505872587 0.005912370367787951
0.4896480850587261 -0.8632934064033562 0.005912370367787951
-0.62635467865537 0.48964808505872587 0.005912370367787951
-0.8632934064033562 -0.6263546786553698 0.005912370367787951
-0.34583214362862563 -0.9786473913940388 0.002858083698340439
0.32447953502266463 -0.34583214362862513 0.002858083698340439
-0.9786473913940392 0.32447953502266474 0.002858083698340439
0.3244795350226644 -0.9786473913940388 0.002858083698340439
-0.34583214362862535 0.32447953502266474 0.002858083698340439
-0.9786473913940397 -0.3458321436286246 0.002858083698340439
-0.7922177931323462 -0.8616614330727737 0.004291738696835172
0.6538792262051201 -0.7922177931323461 0.004291738696835172
-0.861661433072773 0.6538792262051198 0.004291738696835172
0.6538792262051198 -0.8616614330727737 0.004291738696835172
-0.7922177931323462 0.6538792262051198 0.004291738696835172
-0.8616614330727739 -0.7922177931323461 0.004291738696835172
-0.5689314235140905 -0.798662381130713 0.007169534838913993
0.36759380464480346 -0.5689314235140908 0.007169534838913993
-0.7986623811307129 0.3675938046448038 0.007169534838913993
0.36759380464480357 -0.798662381130713 0.007169534838913993
-0.5689314235140909 0.3675938046448038 0.007169534838913993
-0.7986623811307126 -0.5689314235140908 0.007169534838913993
-0.18853505604895482 -0.6229298879020904 0.010730845081205616
-0.1885350560489556 -0.1885350560489548 0.010730845081205616
-0.6229298879020896 -0.1885350560489548 0.010730845081205616
-0.3136967739452202 -0.5975641249431115 0.010905471556454467
-0.08873910111166805 -0.31369677394521983 0.010905471556454467
-0.5975641249431123 -0.08873910111166733 0.010905471556454467
-0.08873910111166822 -0.5975641249431115 0.010905471556454467
-0.3136967739452197 -0.0887391011116685 0.010905471556454467
-0.5975641249431122 -0.3136967739452196 0.010905471556454467
-0.5551824825533489 -0.7130935030147261 0.008763331551314327
0.26827598556807536 -0.5551824825533487 0.008763331551314327
-0.7130935030147263 0.2682759855680759 0.008763331551314327
0.268275985568075 -0.7130935030147261 0.008763331551314327
-0.5551824825533492 0.2682759855680759 0.008763331551314327
-0.7130935030147266 -0.5551824825533487 0.008763331551314327
-0.8930380461712111 -0.9957496789246116 0.000614349071928912
0.8887877250958229 -0.893038046171212 0.000614349071928912
-0.9957496789246136 0.8887877250958283 0.000614349071928912
0.8887877250958229 -0.9957496789246116 0.000614349071928912
-0.8930380461712137 0.8887877250958283 0.000614349071928912
-0.9957496789246116 -0.8930380461712106 0.000614349071928912
-0.739156710149736 -0.7391567101497378 0.006998536063523334
0.47831342029947427 -0.7391567101497366 0.006998536063523334
-0.7391567101497372 0.4783134202994744 0.006998536063523334
-0.12242206230994632 -0.8971549951011955 0.006476354032917841
0.01957705741114213 -0.12242206230994618 0.006476354032917841
-0.8971549951011963 0.019577057411142906 0.006476354032917841
0.01957705741114185 -0.8971549951011955 0.006476354032917841
-0.12242206230994643 0.019577057411142906 0.006476354032917841
-0.8971549951011966 -0.12242206230994501 0.006476354032917841
-0.07713038873940714 -0.8457392225211855 0.007920039583017516
-0.07713038873940736 -0.0771303887394072 0.007920039583017516
-0.8457392225211853 -0.0771303887394072 0.007920039583017516
-0.9448520795137771 -0.9448520795137778 0.0016639017778076325
0.889704159027555 -0.9448520795137778 0.0016639017778076325
-0.94485207951378 0.8897041590275603 0.0016639017778076325
-0.5363151092490518 -0.5363151092490523 0.010728818141789855
0.07263021849810364 -0.5363151092490512 0.010728818141789855
-0.5363151092490523 0.0726302184981048 0.010728818141789855
-0.29655644674445714 -0.40688710651108567 0.01225354721510813
-0.29655644674445725 -0.2965564467444569 0.01225354721510813
-0.40688710651108606 -0.2965564467444567 0.01225354721510813
-0.9955751573800358 -0.9955751573800362 0.00012922285981690148
0.9911503147600731 -0.9955751573800362 0.00012922285981690148
-0.9955751573800375 0.9911503147600751 0.00012922285981690148
-0.21613579724888818 -0.8436947341488437 0.008210765717855102
0.059830531397732034 -0.21613579724888807 0.008210765717855102
-0.8436947341488443 0.05983053139773292 0.008210765717855102
0.05983053139773181 -0.8436947341488437 0.008210765717855102
-0.21613579724888843 0.05983053139773292 0.008210765717855102
-0.8436947341488439 -0.21613579724888807 0.008210765717855102
-0.5778356402059308 -0.9870061511081565 0.0021367174646842162
0.5648417913140875 -0.5778356402059309 0.0021367174646842162
-0.9870061511081567 0.5648417913140875 0.0021367174646842162
0.5648417913140873 -0.9870061511081565 0.0021367174646842162
-0.5778356402059308 0.5648417913140875 0.0021367174646842162
-0.9870061511081571 -0.5778356402059297 0.0021367174646842162
-0.9765802853780965 -0.9958193871616947 0.0002846397832299667
0.9723996725397916 -0.9765802853780972 0.0002846397832299667
-0.9958193871616934 0.9723996725397899 0.0002846397832299667
0.9723996725397914 -0.9958193871616947 0.0002846397832299667
-0.9765802853780958 0.9723996725397899 0.0002846397832299667
-0.9958193871616949 -0.976580285378096 0.0002846397832299667
-0.002420870616974047 -0.9951582587660519 0.001577110330906545
-0.0024208706169739913 -0.002420870616974047 0.001577110330906545
-0.995158258766051 -0.002420870616974047 0.001577110330906545
-0.5872332924800204 -0.9997202729637051 0.00032111694110446143
0.5869535654437252 -0.5872332924800203 0.00032111694110446143
-0.9997202729637047 0.5869535654437255 0.00032111694110446143
0.5869535654437257 -0.9997202729637051 0.00032111694110446143
-0.5872332924800197 0.5869535654437255 0.00032111694110446143
-0.9997202729637054 -0.5872332924800191 0.00032111694110446143
