-0.1374503437769854 0.04494310271080333 -0.9783335953742983 0.002781735057653977
-0.9291591635595258 -0.13745034377698 -0.9783335953742983 0.002781735057654091
0.04494310271081631 -0.9291591635595343 -0.9783335953743082 0.002781735057652761
-0.9422439932245119 -0.7956608618114208 -0.5051375127288734 0.008398769485703075
0.243042367764811 -0.9422439932245108 -0.5051375127288813 0.008398769485703386
-0.7956608618114338 0.2430423677648021 -0.5051375127288565 0.008398769485703698
-0.8208949817859721 -0.1786133718196977 -0.270479501613261 0.01751926923808388
-0.7300121447810802 -0.8208949817859825 -0.2704795016132426 0.01751926923808318
-0.1786133718196966 -0.7300121447810836 -0.2704795016132353 0.01751926923808275
-0.4798880252744968 -0.8468644315814319 -0.8761316440420066 0.01144500673832101
0.2028841008979334 -0.4798880252744661 -0.8761316440420127 0.01144500673832078
-0.8468644315814381 0.2028841008979129 -0.8761316440420127 0.01144500673832059
-0.4801936918283286 -0.7704649664737875 -0.5330921360973954 0.02070223832089109
-0.2162492056004726 -0.4801936918283313 -0.5330921360973914 0.02070223832088911
-0.770464966473802 -0.2162492056004865 -0.5330921360973796 0.02070223832088699
-0.3898780668455788 0.3101592620596833 -0.9470592969803197 0.003755144648977119
-0.9732218982337848 -0.3898780668455887 -0.9470592969803197 0.00375514464897695
0.3101592620596687 -0.9732218982337788 -0.9470592969803185 0.003755144648977459
-0.8401130268256528 0.204297093272342 -0.6054798293317695 0.01585064692214936
-0.758704237114926 -0.8401130268256584 -0.6054798293317559 0.01585064692214993
0.2042970932723434 -0.7587042371149225 -0.6054798293317541 0.01585064692214965
-0.9597313293543706 0.0919009219978424 -0.3688553942854864 0.009837382530578261
-0.7633141983579799 -0.959731329354374 -0.3688553942854803 0.009837382530577454
0.09190092199783506 -0.7633141983579822 -0.3688553942854779 0.009837382530577041
-0.5324156538842341 -0.03791473546039574 -0.4604361500348141 0.01040938129049505
-0.9692334606205502 -0.532415653884237 -0.4604361500348208 0.01040938129049635
-0.03791473546039409 -0.9692334606205503 -0.4604361500348155 0.01040938129049624
-0.5583164813732575 -0.7995004912557281 -0.09708010098004605 0.02601141444106336
-0.5451029263909702 -0.5583164813732471 -0.09708010098005834 0.0260114144410635
-0.7995004912557284 -0.5451029263909755 -0.09708010098004359 0.02601141444106237
-0.7397458104759506 -0.1477440514886944 -0.7452336625479586 0.02254462784978857
-0.3672764754873818 -0.7397458104759531 -0.7452336625479733 0.02254462784978602
-0.1477440514886856 -0.3672764754873972 -0.7452336625479695 0.02254462784978715
-0.7439273446422777 -0.8507478973455826 -0.839477964214098 0.01158500980094869
0.4341532062019434 -0.7439273446422684 -0.8394779642141005 0.01158500980094966
-0.8507478973455769 0.4341532062019416 -0.8394779642141005 0.01158500980094936
-0.881606011243157 0.7039700978984881 -0.9646860796183304 0.004168974300566037
-0.8576780070370037 -0.8816060112431578 -0.9646860796183329 0.004168974300565895
0.7039700978984956 -0.8576780070370064 -0.9646860796183329 0.004168974300565951
-0.8286368529395126 -0.07167787839004998 -0.1463436264971988 0.01028842110893551
-0.9533416421732388 -0.8286368529395153 -0.146343626497211 0.01028842110893561
-0.07167787839002487 -0.9533416421732391 -0.146343626497211 0.01028842110893552
-0.5351640020872266 -0.8775290251116096 0.3950378019047747 0.004205298136714886
-0.98234477470593 -0.535164002087226 0.3950378019047796 0.004205298136715933
-0.8775290251116272 -0.9823447747059338 0.3950378019047723 0.004205298136715267
-0.6281991826324685 -0.415503471378754 0.005197246710055239 0.01216104814495456
-0.9614945926988339 -0.6281991826324663 0.005197246710044225 0.01216104814495442
-0.4155034713787327 -0.9614945926988321 0.005197246710045449 0.01216104814495468
-0.9512801798601274 -0.9507695663607681 0.7050289433002711 0.004217582910822218
-0.8029791970793696 -0.9512801798601279 0.705028943300265 0.004217582910822274
-0.9507695663607698 -0.8029791970793906 0.7050289433002906 0.004217582910821893
-0.1909952628734674 -0.8104747619419594 -0.4163529688654979 0.02504450458257266
-0.5821770063190645 -0.1909952628734483 -0.4163529688655125 0.02504450458257195
-0.8104747619419612 -0.5821770063190658 -0.4163529688654997 0.02504450458257251
-0.8759635613946177 -0.4075544098241037 0.1234279274415084 0.01540237379264267
-0.8399099562227985 -0.8759635613946225 0.1234279274415292 0.01540237379264239
-0.4075544098241169 -0.8399099562227862 0.1234279274415279 0.01540237379264281
-0.9816558398598512 -0.3149360040996973 -0.02827507852118435 0.007109722872505767
-0.675133077519257 -0.9816558398598504 -0.02827507852117946 0.007109722872505936
-0.3149360040996975 -0.6751330775192623 -0.0282750785211868 0.007109722872505061
-0.9527447173711141 0.3882799450590572 -0.4712378369863621 0.004452836223595802
-0.9642973907015797 -0.9527447173711093 -0.4712378369863733 0.004452836223596296
0.3882799450590654 -0.9642973907015802 -0.4712378369863746 0.004452836223596239
-0.4054196893657805 -0.9501368719194521 -0.4051155651672539 0.01560511141396748
-0.2393278735475145 -0.4054196893657869 -0.4051155651672461 0.01560511141396691
-0.9501368719194545 -0.239327873547508 -0.4051155651672552 0.01560511141396705
0.1213317675400288 -0.4582195921420612 -0.6996748797444104 0.01122469707341839
-0.9634372956535556 0.1213317675400408 -0.6996748797444178 0.01122469707341877
-0.4582195921420686 -0.9634372956535532 -0.6996748797444153 0.01122469707341904
0.1497455178272146 -0.2457872011647652 -0.939017441027644 0.005606952565186989
-0.9649408756348019 0.1497455178272235 -0.939017441027644 0.00560695256518723
-0.2457872011647744 -0.964940875634797 -0.9390174410276403 0.005606952565188122
-0.03331460493589233 -0.9400848917408173 -0.04701265063342595 0.004295440580382448
-0.9795878526898599 -0.03331460493590696 -0.04701265063341494 0.004295440580382915
-0.9400848917408163 -0.9795878526898629 -0.0470126506334284 0.004295440580382773
0.05351913398839819 -0.5272439333234167 -0.9491504697678957 0.01485317436346403
-0.5771247308970764 0.0535191339883786 -0.9491504697678982 0.0148531743634636
-0.5272439333234027 -0.5771247308970849 -0.9491504697678995 0.01485317436346332
-0.9908408885142428 0.9092369697334572 -0.9641882679851499 0.0006743238395204037
-0.954207813234063 -0.9908408885142483 -0.9641882679851536 0.0006743238395202977
0.9092369697334676 -0.9542078132340663 -0.9641882679851548 0.0006743238395202794
-0.948776281297814 -0.6733380907456207 -0.7691042574015275 0.01108774447134587
0.3912186294449624 -0.9487762812978143 -0.7691042574015287 0.01108774447134571
-0.6733380907456182 0.3912186294449517 -0.7691042574015213 0.01108774447134648
-0.194236750743098 -0.1073689634701154 -0.9476008784874946 0.01527946705889213
-0.7507934072992885 -0.1942367507431101 -0.9476008784874946 0.01527946705889241
-0.1073689634700975 -0.7507934072993036 -0.9476008784874957 0.01527946705889255
-0.5367046095654924 0.01509721024050987 -0.7467525735312169 0.02926965483792583
-0.7316400271438054 -0.5367046095654979 -0.7467525735312133 0.02926965483792639
0.01509721024051824 -0.7316400271438089 -0.7467525735312096 0.02926965483792611
-0.9312283446813046 0.6860650921566785 -0.8018267734754447 0.004903655570817208
-0.9530099739999303 -0.9312283446813061 -0.8018267734754533 0.00490365557081701
0.6860650921566884 -0.9530099739999284 -0.8018267734754545 0.004903655570817194
-0.9451599502645341 -0.7633656849146908 0.4032978082376928 0.01066746136540665
-0.6947721730584699 -0.9451599502645367 0.4032978082376916 0.01066746136540648
-0.7633656849146985 -0.6947721730584682 0.403297808237699 0.0106674613654066
0.3796790207398015 -0.8337496877757224 -0.9518378089265165 0.01046201140582619
-0.5940915240375572 0.3796790207397898 -0.9518378089265154 0.01046201140582677
-0.8337496877757204 -0.5940915240375597 -0.9518378089265154 0.01046201140582673
-0.2659802125250013 -0.02178037054640108 -0.7697511112365405 0.01620898349121863
-0.9424883056920581 -0.265980212524998 -0.7697511112365454 0.01620898349121821
-0.02178037054639848 -0.9424883056920595 -0.7697511112365415 0.01620898349121807
-0.9913843356785719 0.488477015326327 -0.6953125589674611 0.003781331883907674
-0.8017801206802968 -0.9913843356785755 -0.695312558967455 0.003781331883907418
0.4884770153263238 -0.8017801206802901 -0.6953125589674575 0.003781331883907418
-0.7647093103679242 0.7178088783690436 -0.9603676440808752 0.001719274762893588
-0.9927319239202492 -0.7647093103679298 -0.9603676440808776 0.001719274762893347
0.7178088783690493 -0.992731923920251 -0.9603676440808776 0.001719274762893291
-0.9928858092454618 0.5879776998244501 -0.9338904416448865 0.002795111755340935
-0.6612014489340987 -0.992885809245463 -0.9338904416448853 0.002795111755340935
0.5879776998244531 -0.661201448934105 -0.9338904416448853 0.002795111755340963
-0.4187164755261538 -0.9956181752033096 0.3445337375543312 0.00295608582504087
-0.9301990868248645 -0.4187164755261621 0.3445337375543459 0.002956085825040177
-0.9956181752033221 -0.9301990868248644 0.3445337375543349 0.002956085825039978
-0.854341745766229 0.3850028351760949 -0.9989508575579646 0.003486457943478326
-0.5317102318519026 -0.8543417457662337 -0.9989508575579671 0.003486457943478128
0.3850028351761021 -0.5317102318518995 -0.9989508575579706 0.003486457943477901
-0.7646313205708825 -0.7646313205708875 0.2938939617126564 0.01480798009773251
-0.9893278459606969 -0.9893278459607124 0.9679835378821102 0.0002669332563147236
-0.3350060800467011 -0.3350060800467284 -0.9949817598598508 0.006590607255576518
-0.3893408313278781 -0.3893408313278872 -0.8319775060163606 0.03402287040173103
-0.5035752568875519 -0.5035752568875422 -0.4892742293373437 0.03933995650399712
