-0.4643883053659482 -0.1956932081750902 -0.3592259421353274 0.003522723551354821
-0.9806925443236449 -0.4643883053659112 -0.3592259421353629 0.003522723551352487
-0.1956932081750188 -0.9806925443236438 -0.3592259421353948 0.00352272355135294
-0.4653464282631503 -0.04517628670354547 -0.6745435312501461 0.009232955535331881
-0.8149337537832231 -0.4653464282631741 -0.6745435312500934 0.009232955535327509
-0.04517628670350382 -0.8149337537831614 -0.6745435312501349 0.009232955535330661
-0.488408116187298 -0.5830844011837821 -0.9773310435389496 0.004237026901463633
0.04882356091005902 -0.4884081161873132 -0.9773310435389447 0.004237026901464214
-0.5830844011837657 0.04882356091000832 -0.9773310435389521 0.004237026901463379
-0.8537213192645825 -0.6912514924034424 0.4094077477641385 0.006106499343749695
-0.8644349360961447 -0.8537213192645864 0.409407747764158 0.006106499343748847
-0.6912514924034796 -0.8644349360961119 0.4094077477641519 0.006106499343750062
-0.9046811078786205 -0.9697631291508357 -0.8498008820609469 0.001627360858046573
0.7242451190904076 -0.9046811078786194 -0.8498008820609518 0.001627360858046587
-0.9697631291508342 0.7242451190904012 -0.849800882060936 0.001627360858046814
-0.5294284984115514 0.4853831669744999 -0.9766544817643009 0.00114854891222228
-0.9793001867986513 -0.5294284984115346 -0.9766544817643134 0.001148548912221887
0.4853831669745099 -0.9793001867986569 -0.976654481764307 0.001148548912221821
-0.9823417544632196 -0.8562808212160143 -0.2737497467258065 0.002564399625003664
0.1123723224050577 -0.982341754463207 -0.2737497467258163 0.00256439962500423
-0.856280821216042 0.112372322405074 -0.2737497467258102 0.002564399625002915
-0.9030284534793107 -0.4522022018994907 0.2106832800118864 0.00585607667004447
-0.8554526246331162 -0.9030284534793108 0.2106832800119096 0.005856076670043466
-0.4522022018995108 -0.855452624633108 0.2106832800119195 0.005856076670043297
-0.09788306410188252 -0.9726554719749128 -0.9794158362061375 0.001423643710751563
0.04995437228294653 -0.09788306410190263 -0.9794158362061325 0.001423643710751889
-0.9726554719749203 0.04995437228295946 -0.9794158362061409 0.001423643710751168
-0.9811851305179435 -0.6286608571589389 -0.002569787944988005 0.003978120910726399
-0.3875842243781823 -0.9811851305179351 -0.002569787944940278 0.00397812091072804
-0.6286608571589433 -0.3875842243781447 -0.002569787944970872 0.003978120910727049
-0.9818041165754181 -0.2562832364765835 0.2114092731167252 0.001363809538497427
-0.9733219200647202 -0.9818041165754112 0.2114092731167276 0.001363809538497802
-0.2562832364766001 -0.9733219200647211 0.2114092731167472 0.001363809538497209
-0.9419117214263668 -0.9823039070211252 0.8745321226019228 0.000407595995690337
-0.9503164941544398 -0.9419117214263757 0.8745321226019106 0.0004075959956909098
-0.9823039070211337 -0.950316494154431 0.8745321226019228 0.0004075959956900528
-0.9702381351695488 0.5412036808840585 -0.708498436022318 0.00286008950095339
-0.8624671096921959 -0.9702381351695494 -0.708498436022307 0.002860089500953687
0.541203680884041 -0.8624671096921912 -0.7084984360223009 0.002860089500953843
-0.862341222440856 0.3334698653996048 -0.5358668643919272 0.0048505595159343
-0.935261778566835 -0.8623412224408524 -0.5358668643919274 0.004850559515933084
0.3334698653996355 -0.9352617785668299 -0.5358668643919191 0.004850559515932249
-0.313938852044342 -0.8178199640831896 -0.5291322624916688 0.01352971840215885
-0.3391089213808151 -0.3139388520443827 -0.5291322624916612 0.01352971840216171
-0.8178199640831652 -0.3391089213807831 -0.5291322624916905 0.01352971840215909
-0.2343477353567101 -0.5488898624223251 -0.9747114162286691 0.006132094336152469
-0.2420509859922935 -0.2343477353567271 -0.9747114162286677 0.006132094336152922
-0.54888986242235 -0.2420509859923017 -0.9747114162286642 0.006132094336153006
-0.3324304545273838 -0.6494234734897473 -0.6926862202753598 0.01461675478856592
-0.3254598517074725 -0.332430454527378 -0.6926862202753989 0.01461675478855673
-0.6494234734897651 -0.325459851707523 -0.6926862202753989 0.01461675478856139
-0.1526783886694892 -0.9679538407320714 -0.6205966796360076 0.005990023547122633
-0.25877109096245 -0.1526783886695001 -0.62059667963598 0.005990023547123228
-0.9679538407320751 -0.2587710909624583 -0.6205966796359994 0.005990023547122337
-0.7427837756926913 -0.3952261469503215 0.0138722692654295 0.009631452064974141
-0.8758623466224407 -0.7427837756926993 0.01387226926545037 0.009631452064972771
-0.3952261469503152 -0.875862346622411 0.01387226926545527 0.009631452064974285
-0.9725790978827638 -0.09635979517436784 -0.2919517952726106 0.00561499099596482
-0.6391093116702667 -0.9725790978827613 -0.2919517952726388 0.005614990995964793
-0.09635979517435667 -0.6391093116702624 -0.2919517952726143 0.005614990995963987
-0.7808489049037033 -0.9744570392779863 0.7260255055317858 0.001144090371383849
-0.9707195613500968 -0.7808489049037071 0.726025505531798 0.001144090371383791
-0.9744570392779863 -0.9707195613500913 0.726025505531798 0.001144090371383924
-0.4035227593725478 -0.9516274946739772 -0.3434466210302873 0.0078168661837003
-0.3014031249231439 -0.4035227593725731 -0.343446621030313 0.007816866183699298
-0.9516274946739665 -0.3014031249231665 -0.3434466210303325 0.007816866183700684
-0.6548972678664049 -0.3138664551038583 -0.4179439148988015 0.01639566856148553
-0.613292362130921 -0.6548972678663051 -0.4179439148987066 0.01639566856149826
-0.3138664551037936 -0.6132923621310278 -0.4179439148988169 0.01639566856148553
-0.09546022538653354 -0.9560289916889031 -0.2686943097961418 0.006721523996645336
-0.6798164731284529 -0.09546022538645868 -0.2686943097961932 0.006721523996646128
-0.9560289916888933 -0.6798164731283882 -0.2686943097962189 0.006721523996646989
-0.6088046555182678 -0.9677867047429877 0.009777899219516327 0.006261479412226211
-0.4331865389582874 -0.6088046555182602 0.009777899219537199 0.006261479412226465
-0.967786704742987 -0.4331865389582947 0.009777899219524893 0.006261479412227058
-0.6557745244765812 -0.05228043384936477 -0.6750622663334672 0.01527689367197914
-0.6168827753406187 -0.6557745244765564 -0.6750622663334279 0.01527689367198168
-0.05228043384933917 -0.6168827753406025 -0.675062266333461 0.01527689367197716
-0.9773491934323073 0.2162461842795878 -0.4078164238232052 0.004042885330071797
-0.8310805670240773 -0.9773491934323005 -0.4078164238231988 0.004042885330072391
0.2162461842795751 -0.8310805670240743 -0.4078164238231999 0.004042885330072659
-0.8327094277904781 -0.6544711989541513 -0.4326113559546607 0.01229463521022889
-0.08020801730068211 -0.8327094277905337 -0.4326113559546421 0.01229463521022622
-0.6544711989541597 -0.08020801730069999 -0.4326113559546595 0.01229463521022872
-0.7062305631011258 0.2999032710991041 -0.9634000703336254 0.005427737795462988
-0.630272637664372 -0.7062305631011467 -0.9634000703336254 0.005427737795463172
0.2999032710991442 -0.630272637664393 -0.9634000703336254 0.005427737795462182
-0.9669781313762058 0.4830320594159286 -0.5435746856765371 0.001976199256754922
-0.9724792423631858 -0.9669781313762034 -0.5435746856765189 0.001976199256754936
0.4830320594159364 -0.9724792423631912 -0.5435746856765354 0.001976199256754399
0.2850680325148248 -0.7010033354705973 -0.6445315018459322 0.006919752984901468
-0.9395331951982927 0.2850680325148471 -0.6445315018459199 0.006919752984901426
-0.7010033354706134 -0.9395331951982968 -0.6445315018459199 0.00691975298490151
-0.9012961985134474 -0.02600352041530783 -0.7005495265756837 0.01046027736959284
-0.3721507544955593 -0.9012961985134291 -0.7005495265756863 0.01046027736959218
-0.02600352041533799 -0.3721507544955478 -0.7005495265756764 0.01046027736959269
-0.8275151966459791 -0.3422511127474249 -0.1353377429832427 0.01447481953654799
-0.6948959476233765 -0.8275151966459767 -0.135337742983228 0.01447481953654771
-0.3422511127474528 -0.694895947623322 -0.1353377429832464 0.01447481953654856
-0.9728630503483611 0.119294288014355 -0.181968955504014 0.002391550565412189
-0.964462282161981 -0.9728630503483603 -0.1819689555040055 0.002391550565412259
0.1192942880143547 -0.9644622821619796 -0.1819689555040116 0.002391550565412132
-0.4202945993671708 -0.8297194275561448 -0.2217981091390598 0.01511375252393241
-0.5281878639376226 -0.4202945993671151 -0.2217981091390978 0.01511375252392831
-0.8297194275561455 -0.5281878639376197 -0.2217981091390794 0.01511375252393156
-0.6103564448832565 0.2648172082209769 -0.840470033054578 0.009511095825311736
-0.8139907302831556 -0.610356444883277 -0.8404700330545437 0.00951109582531294
0.2648172082209885 -0.8139907302831462 -0.8404700330545769 0.009511095825312147
-0.6082110736395772 0.4337977760414659 -0.9682729685016155 0.004036967691998536
-0.8573137339002825 -0.6082110736395808 -0.9682729685016082 0.004036967691999216
0.4337977760414746 -0.8573137339002923 -0.9682729685016168 0.004036967691998254
-0.9754970037176443 0.7162639199129396 -0.9623885035936355 0.001508260348095485
-0.7783784126016599 -0.9754970037176485 -0.9623885035936379 0.001508260348095231
0.7162639199129448 -0.7783784126016626 -0.9623885035936391 0.001508260348095372
-0.9731209597556876 0.4417289788115011 -0.8465646633567417 0.003937346811175523
-0.6220433556990722 -0.9731209597556931 -0.8465646633567427 0.003937346811175042
0.4417289788115174 -0.6220433556990798 -0.8465646633567491 0.003937346811175212
-0.8424518463630635 -0.9625609846688702 0.6349294190805568 0.003608140871956765
-0.8299165880486181 -0.8424518463630619 0.6349294190805519 0.003608140871956793
-0.9625609846688696 -0.8299165880486141 0.6349294190805556 0.003608140871956892
-0.9843203335838651 -0.7985509492426254 0.3625153947568439 0.003365526474882625
-0.5796441119303599 -0.9843203335838525 0.3625153947568402 0.003365526474883643
-0.7985509492426148 -0.5796441119303628 0.362515394756828 0.003365526474884109
-0.9700181365782471 -0.1936469840431012 0.004213262328010295 0.005192349870771273
-0.8405481417066596 -0.9700181365782452 0.004213262328004177 0.005192349870771443
-0.1936469840431067 -0.8405481417066629 0.004213262328010295 0.00519234987077232
-0.8602202507982447 -0.04075088764784496 -0.4854137198411078 0.01334407891882407
-0.6136151417127925 -0.8602202507982122 -0.4854137198410846 0.0133440789188276
-0.04075088764786616 -0.6136151417127935 -0.4854137198410982 0.01334407891882411
-0.5522186453777402 0.1226968646946294 -0.620329791033871 0.008025809123555735
-0.9501484282830269 -0.5522186453777678 -0.6203297910338782 0.008025809123554321
0.1226968646946504 -0.9501484282830229 -0.6203297910338957 0.008025809123554221
-0.7832941949220155 0.2583717741907725 -0.6482035517428409 0.01070887983557521
-0.8268740275259179 -0.7832941949220492 -0.6482035517428127 0.01070887983557467
0.2583717741907659 -0.8268740275259214 -0.6482035517428103 0.0107088798355765
-0.7194071680947967 -0.1003014508800369 -0.8637888248962519 0.01309736406162602
-0.3165025561289078 -0.7194071680947888 -0.8637888248962519 0.01309736406162684
-0.1003014508800699 -0.3165025561288871 -0.863788824896247 0.01309736406162662
-0.6694990509019798 -0.8981825530809276 0.2137892981722631 0.008885655025694789
-0.6461076941893704 -0.6694990509019569 0.2137892981722398 0.008885655025694408
-0.8981825530809362 -0.646107694189393 0.2137892981722814 0.008885655025693743
-0.4788819486190393 -0.03602959727173487 -0.8696128852711745 0.01344113214741205
-0.6154755688380665 -0.4788819486190639 -0.869612885271171 0.01344113214741205
-0.03602959727174426 -0.6154755688380403 -0.8696128852711672 0.0134411321474127
-0.7747128044924225 -0.3371830044757919 -0.9730263871530412 0.005698568685004532
0.08492219612122176 -0.7747128044924129 -0.9730263871530386 0.005698568685005182
-0.3371830044757641 0.08492219612122184 -0.9730263871530398 0.005698568685005055
0.4118361381028007 -0.5420754838488806 -0.9659353625413269 0.003847402885188294
-0.9038252917125962 0.4118361381027958 -0.9659353625413256 0.003847402885188308
-0.5420754838488659 -0.9038252917126203 -0.9659353625413256 0.003847402885188478
-0.9682347712499504 -0.8696174120649623 0.06516080723754117 0.004769112898361408
-0.2273086239226233 -0.9682347712499535 0.06516080723756197 0.004769112898361265
-0.8696174120649703 -0.2273086239226363 0.06516080723755339 0.004769112898362142
-0.8168862545018933 0.2215129797696696 -0.8263415743275951 0.01118686556204748
-0.5782851509401811 -0.8168862545018911 -0.8263415743275867 0.01118686556204881
0.2215129797696634 -0.5782851509401727 -0.8263415743276 0.0111868655620481
-0.2466935687505188 -0.8378958752522282 -0.9696210982671161 0.005635998890136028
0.05421054226985866 -0.2466935687505224 -0.9696210982671148 0.005635998890136155
-0.8378958752522317 0.05421054226984537 -0.9696210982671161 0.005635998890136071
-0.5691582757189227 0.3775943212697254 -0.844111758881156 0.005044085510105156
-0.9643242866696538 -0.5691582757189003 -0.8441117588811743 0.005044085510104335
0.377594321269734 -0.9643242866696482 -0.8441117588811657 0.005044085510104731
-0.8659878997763408 -0.008698563628129784 -0.2742519115966724 0.01014203848072567
-0.8510616249988688 -0.8659878997763302 -0.27425191159667 0.01014203848072546
-0.008698563628160794 -0.8510616249988441 -0.2742519115966724 0.01014203848072655
-0.9569288671106377 -0.5557071327165682 0.4736638133396158 0.002681590717335359
-0.9610278135124122 -0.9569288671106437 0.4736638133396402 0.002681590717334822
-0.5557071327165761 -0.9610278135124101 0.4736638133396243 0.002681590717335204
-0.8210674250927418 0.5663803816094106 -0.7812038112199684 0.004059907280598536
-0.9641091452966988 -0.8210674250927285 -0.7812038112199684 0.004059907280598905
0.5663803816093959 -0.9641091452967022 -0.7812038112199574 0.004059907280598536
0.1733733570675947 -0.9517880688934222 -0.9615908241651252 0.003336448036565915
-0.2599944640090449 0.1733733570675994 -0.9615908241651276 0.00333644803656559
-0.9517880688934234 -0.259994464009025 -0.9615908241651241 0.003336448036566043
-0.01041698906825111 -0.882747710219857 -0.8404475236468387 0.01076375181138509
-0.2663877770650462 -0.01041698906823086 -0.8404475236468447 0.01076375181138426
-0.8827477102198451 -0.2663877770650632 -0.8404475236468387 0.01076375181138518
-0.8521120631804806 0.5508934755698234 -0.8782255966989735 0.006573170212491277
-0.8205558156903667 -0.8521120631804924 -0.8782255966989723 0.006573170212491263
0.5508934755698189 -0.8205558156903746 -0.8782255966989613 0.006573170212491361
-0.9601757867817463 0.8867584170146727 -0.96782804269737 0.0008877430748418419
-0.9587545875355592 -0.9601757867817468 -0.9678280426973689 0.0008877430748418504
0.8867584170146786 -0.9587545875355588 -0.9678280426973724 0.0008877430748417471
-0.8508177150690071 0.6557556977303718 -0.9917793765480273 0.001503300080640668
-0.8131586061133453 -0.8508177150690147 -0.9917793765480283 0.001503300080640584
0.6557556977303685 -0.8131586061133441 -0.991779376548021 0.001503300080640909
-0.9618045345702617 0.1215870279553617 -0.8730214186846983 0.005744672404119042
-0.286761074700407 -0.9618045345702638 -0.8730214186846921 0.005744672404119183
0.1215870279553673 -0.2867610747004198 -0.8730214186846847 0.005744672404119254
0.2716752503710635 -0.9961559530711124 -0.5478355400666467 0.001906496203051726
-0.7276837572332995 0.2716752503711084 -0.5478355400666755 0.001906496203050284
-0.9961559530711328 -0.727683757233304 -0.5478355400666705 0.001906496203049803
0.7206156381491 -0.9655962539865014 -0.9563532624103227 0.002124665847459818
-0.7986661217522744 0.7206156381491009 -0.9563532624103251 0.002124665847459748
-0.965596253986503 -0.7986661217522719 -0.956353262410324 0.002124665847459748
-0.9936730692955971 -0.9611662894911879 -0.815493057325042 0.000720308677452412
0.7703324161118421 -0.9936730692955933 -0.8154930573250591 0.000720308677452429
-0.9611662894911912 0.7703324161118531 -0.8154930573250556 0.0007203086774520811
0.4196958364782455 -0.4414964783738899 -0.984346727663251 0.0006473262420273397
-0.9938526304411064 0.4196958364782518 -0.984346727663251 0.0006473262420272858
-0.4414964783738483 -0.9938526304411267 -0.9843467276632608 0.0006473262420267074
-0.9939816946579979 -0.5725005009030275 0.3767347012902068 0.002381499975344258
-0.8102525057291776 -0.9939816946579966 0.376734701290208 0.00238149997534447
-0.57250050090303 -0.8102525057291788 0.3767347012901908 0.00238149997534546
0.08328958951698762 -0.4735718614332527 -0.6119807150957206 0.003013274913110685
-0.9977370129880159 0.08328958951699264 -0.6119807150957191 0.003013274913110757
-0.473571861433243 -0.9977370129880007 -0.6119807150957194 0.003013274913111859
0.0574469871469438 -0.9999971439746831 -0.8232849476201566 0.002067897521108356
-0.2341648955521002 0.05744698714694075 -0.8232849476201444 0.002067897521107776
-0.9999971439746738 -0.2341648955520927 -0.8232849476201517 0.00206789752110895
-0.3773645077780259 -0.3773645077780107 -0.867906476665974 0.01499773420159665
-0.674543135967669 -0.6745431359676521 0.02362940790295578 0.01925991642486047
-0.5593856381682771 -0.5593856381682558 -0.3218430854948759 0.01254797412755794
-0.4562031817459618 -0.4562031817458799 -0.6313904547620893 0.01209377740627947
