-0.9732571421128717 0.6360523243888242 -0.7850857405124128 0.002840980725841578
-0.8777094417633484 -0.9732571421129482 -0.7850857405123809 0.002840980725838185
0.636052324388594 -0.8777094417634068 -0.7850857405123014 0.002840980725840815
-0.8341709591339117 -0.1998041407402172 -0.07173578209259968 0.009422995106205527
-0.8942891180332886 -0.83417095913392 -0.07173578209280664 0.00942299510621377
-0.1998041407397466 -0.8942891180333805 -0.07173578209275026 0.009422995106190889
-0.9386582648478321 -0.02616421416513242 -0.167115744401421 0.006515806867772963
-0.8680617765856911 -0.938658264847875 -0.1671157444013193 0.006515806867763021
-0.02616421416492859 -0.8680617765856308 -0.1671157444016121 0.006515806867761804
-0.8963403716926902 -0.6635447485925712 -0.9744819241998242 0.003624190270983565
0.5343670444851366 -0.8963403716927344 -0.9744819241998829 0.003624190270978884
-0.6635447485924715 0.5343670444850737 -0.9744819241998707 0.003624190270979492
-0.03045068568243509 -0.9683387312982029 -0.9633388584248759 0.003323481837533718
-0.03787172459437461 -0.03045068568251805 -0.9633388584248747 0.003323481837532035
-0.9683387312981971 -0.03787172459441499 -0.9633388584248969 0.003323481837533619
-0.2591148880836474 -0.5751164814668782 -0.9786369538728992 0.007453651529601764
-0.187131676576345 -0.2591148880838862 -0.97863695387286 0.007453651529609273
-0.5751164814667691 -0.1871316765765379 -0.97863695387286 0.007453651529608312
-0.4250587282142238 -0.964347878198443 -0.2287654125700825 0.01011108061748424
-0.3818279810172571 -0.4250587282142386 -0.2287654125700592 0.01011108061748533
-0.9643478781984359 -0.38182798101726 -0.2287654125700678 0.01011108061748594
-0.9807820953032897 -0.4558451169144028 -0.5653053074721941 0.006347638435625232
0.001932519690055645 -0.9807820953033244 -0.5653053074721549 0.006347638435621046
-0.4558451169144688 0.001932519689933543 -0.56530530747216 0.006347638435624043
-0.8422980060971172 0.06665546184083668 -0.6673156694110401 0.0152836669177559
-0.5570417863326089 -0.842298006097194 -0.6673156694110401 0.01528366691775081
0.06665546184094184 -0.5570417863327513 -0.6673156694110804 0.01528366691776114
0.5600514449454901 -0.6792382718085201 -0.9171136653203761 0.004146858859962316
-0.9636995078165799 0.5600514449454066 -0.9171136653203907 0.004146858859963236
-0.6792382718083577 -0.9636995078165775 -0.917113665320447 0.004146858859962613
-0.4466624483634102 -0.7951382421540705 -0.1959989035185533 0.02056909001662422
-0.5622004059640261 -0.4466624483632517 -0.195998903518552 0.02056909001661828
-0.7951382421541775 -0.5622004059640536 -0.1959989035186035 0.02056909001662252
-0.9648753815273471 -0.0360570951381202 -0.3171359702664373 0.009022163389018846
-0.681931553068142 -0.964875381527333 -0.317135970266387 0.00902216338902234
-0.03605709513818484 -0.6819315530681272 -0.3171359702663613 0.009022163389022085
-0.9754549036654413 0.3239668349490811 -0.6527086616834269 0.006184839575665226
-0.6958032696001026 -0.9754549036654717 -0.6527086616833828 0.00618483957565954
0.3239668349489298 -0.6958032696002108 -0.6527086616832848 0.006184839575665112
0.08762706778079971 -0.8453627023133929 -0.6078276489738966 0.01701957325506264
-0.6344367164934905 0.08762706778065465 -0.6078276489738356 0.01701957325507297
-0.8453627023133832 -0.6344367164936563 -0.6078276489736553 0.0170195732550659
-0.8272048561870711 0.5592441857940212 -0.8556542041156293 0.00737023289928511
-0.876385125491378 -0.8272048561872356 -0.8556542041155865 0.007370232899281885
0.5592441857943067 -0.8763851254914317 -0.8556542041157358 0.007370232899279707
-0.9821739752750656 0.882562298704617 -0.9395262509780004 0.000867322616297402
-0.9608620724515218 -0.9821739752750328 -0.9395262509779857 0.0008673226162988997
0.8825622987044712 -0.9608620724514577 -0.9395262509779869 0.0008673226163001442
-0.9421912729503297 -0.6528395283098162 -0.2858350315639968 0.01218846751209406
-0.1191341671759996 -0.9421912729502249 -0.2858350315639538 0.01218846751211666
-0.652839528309872 -0.1191341671758371 -0.2858350315640151 0.01218846751210589
-0.9545982997764215 -0.819296333192811 0.7316353135704495 0.002969389984180547
-0.9577406806012166 -0.9545982997764149 0.7316353135703884 0.002969389984181013
-0.8192963331930043 -0.95774068060124 0.7316353135706823 0.002969389984178115
-0.957023374595859 -0.1096610415335899 -0.5745301816005585 0.01105996179111814
-0.3587854022699036 -0.9570233745958656 -0.5745301816005292 0.01105996179111763
-0.1096610415336468 -0.3587854022699747 -0.5745301816005276 0.01105996179111948
0.2349732966499788 -0.839522997675471 -0.8560843095458566 0.01242710471565889
-0.5393659894285496 0.2349732966498296 -0.8560843095458724 0.01242710471566187
-0.8395229976753453 -0.5393659894287346 -0.8560843095457389 0.0124271047156706
-0.8109423756048938 0.3192749999104236 -0.858687974707487 0.0126284956276259
-0.6496446495980878 -0.8109423756049685 -0.85868797470741 0.01262849562762402
0.3192749999106354 -0.6496446495981585 -0.8586879747075643 0.0126284956276258
0.3825698293210655 -0.4358122649165939 -0.988206622926887 0.001908277532574823
-0.9585509414775776 0.3825698293210475 -0.9882066229268982 0.001908277532574413
-0.4358122649164298 -0.9585509414775819 -0.9882066229269263 0.001908277532572475
-0.9648449161180356 0.1691044838711478 -0.8383976238671184 0.00751040720319847
-0.365861943885991 -0.9648449161180523 -0.8383976238671356 0.007510407203195513
0.1691044838712373 -0.3658619438861107 -0.838397623867072 0.007510407203195994
-0.2821139978456131 -0.8067307637292717 -0.5388382811109242 0.02369350844363481
-0.3723169573141468 -0.2821139978457123 -0.538838281110872 0.02369350844363312
-0.8067307637292832 -0.3723169573141921 -0.5388382811109336 0.02369350844363128
-0.8219486660185766 0.09423053270227139 -0.9494902992099281 0.00924686285853535
-0.3227915674738 -0.8219486660186259 -0.949490299209922 0.009246862858532974
0.09423053270234544 -0.3227915674737588 -0.9494902992098999 0.009246862858533893
-0.3004482562658674 0.1223709283248278 -0.979973450095153 0.005523697568553409
-0.8419492219637048 -0.3004482562660676 -0.9799734500951247 0.005523697568558995
0.122370928324911 -0.8419492219637829 -0.9799734500951431 0.005523697568554399
-0.932773709339527 0.7576374936719127 -0.9831756826831526 0.001787802063828094
-0.8416881016492156 -0.932773709339511 -0.9831756826831697 0.001787802063827245
0.7576374936718195 -0.8416881016491287 -0.9831756826832223 0.001787802063825718
-0.9370963799046417 0.6217453302896255 -0.7069590818776603 0.002784520816196351
-0.9776898685073001 -0.937096379904681 -0.7069590818777044 0.002784520816198077
0.6217453302896785 -0.9776898685073103 -0.7069590818776689 0.002784520816196493
-0.6876169316746629 0.4071202836331183 -0.7435351729944846 0.006013899523999122
-0.9759681789639764 -0.6876169316746668 -0.7435351729945029 0.006013899523998827
0.4071202836332541 -0.9759681789639969 -0.7435351729945114 0.006013899523993691
-0.5275153882760936 0.06427195366303377 -0.9386777667357824 0.01344172911438606
-0.5980787986510294 -0.5275153882762046 -0.9386777667357629 0.01344172911438769
0.0642719536630999 -0.5980787986511876 -0.9386777667357223 0.01344172911438968
-0.2181407851211925 -0.7545018742660825 -0.8248722268950576 0.02048092950331957
-0.2024851137176573 -0.2181407851212919 -0.8248722268949975 0.02048092950332283
-0.7545018742660632 -0.2024851137177368 -0.8248722268949988 0.02048092950332269
-0.844724158464043 0.2137909346010763 -0.3882095055336683 0.005240726869874686
-0.9808572706033631 -0.8447241584640278 -0.3882095055337356 0.005240726869875294
0.2137909346010534 -0.9808572706034019 -0.388209505533643 0.005240726869871207
-0.6708617375695153 -0.9290809718499948 0.07710309368438678 0.01446990890238765
-0.4771603842649455 -0.6708617375695477 0.07710309368446273 0.0144699089023909
-0.9290809718499888 -0.4771603842648413 0.07710309368439902 0.01446990890238935
-0.8691646621839529 0.2769494379662987 -0.5586542742084717 0.01287823094631799
-0.8491305015738382 -0.8691646621840267 -0.558654274208481 0.01287823094631513
0.2769494379663832 -0.8491305015739223 -0.5586542742085601 0.01287823094631803
-0.7993602927334967 -0.5131728755184237 0.1812118664621056 0.01421162330323071
-0.8686786982101 -0.7993602927334695 0.1812118664620359 0.01421162330324019
-0.5131728755180971 -0.8686786982101977 0.1812118664616538 0.01421162330324924
-0.8370884347828356 0.7689841364495766 -0.9491019921927195 0.00172129994260886
-0.982793709474048 -0.8370884347827919 -0.9491019921927478 0.001721299942606993
0.7689841364496782 -0.9827937094740745 -0.94910199219276 0.001721299942605169
0.01086475398267156 -0.9468553183080493 -0.8061962568736879 0.01047888097554055
-0.257813178800866 0.01086475398262475 -0.8061962568737149 0.01047888097554181
-0.9468553183080501 -0.2578131788009342 -0.8061962568737393 0.01047888097554007
-0.7657159432089945 -0.9696856835050209 0.4741511436586612 0.006402096370957238
-0.7387495169446457 -0.7657159432090259 0.4741511436587114 0.006402096370953929
-0.969685683504974 -0.7387495169446614 0.4741511436586734 0.006402096370963123
-0.7783009954008024 -0.1995744100753992 -0.3473605789290306 0.02642693254567321
-0.6747640155947847 -0.778300995400831 -0.3473605789290257 0.02642693254566501
-0.1995744100753914 -0.6747640155948592 -0.3473605789289559 0.0264269325456759
-0.950451406188036 -0.1071706000747267 0.04265756190794633 0.002953156526667655
-0.9850355556452155 -0.9504514061880432 0.04265756190798427 0.002953156526664727
-0.1071706000748584 -0.9850355556451972 0.04265756190813003 0.002953156526665066
-0.5861552747394649 -0.1163888222392223 -0.7191302118321771 0.02493408796090701
-0.5783256911891492 -0.5861552747395741 -0.7191302118320853 0.02493408796091125
-0.1163888222392147 -0.5783256911892163 -0.7191302118320803 0.02493408796090715
-0.9851710780454848 -0.4623142964636497 -0.9435723751890991 0.002848671606431756
0.39105774969827 -0.9851710780455284 -0.9435723751890734 0.002848671606429393
-0.4623142964636475 0.391057749698243 -0.9435723751890759 0.002848671606429973
-0.9457501779316387 -0.5281837494499044 0.4296060513257585 0.005295388238559288
-0.9556721239442023 -0.9457501779316365 0.429606051325707 0.005295388238560392
-0.5281837494500825 -0.9556721239441894 0.4296060513259066 0.005295388238563516
-0.9948116694696254 -0.3164138515359572 0.1595370691702228 0.003217049829531768
-0.8483115481646346 -0.9948116694695791 0.1595370691701504 0.003217049829535106
-0.3164138515358303 -0.8483115481646086 0.1595370691700034 0.003217049829538189
-0.7583425904617825 0.4172862178471399 -0.994171066717228 0.003413588783402042
-0.6647725606680912 -0.7583425904617824 -0.9941710667171791 0.003413588783406071
0.4172862178469927 -0.6647725606680004 -0.9941710667172869 0.003413588783397247
-0.9915229809889643 0.3212250088360543 -0.3881871612926001 0.0026890533139847
-0.941514866554493 -0.9915229809889502 -0.3881871612925659 0.002689053313985096
0.3212250088359117 -0.9415148665544905 -0.3881871612924909 0.00268905331398685
-0.7250992104065092 -0.3987004611046259 0.1217387955564122 0.004273381649551712
-0.9979391240452457 -0.7250992104065455 0.1217387955564991 0.004273381649555487
-0.3987004611045779 -0.9979391240453228 0.1217387955564306 0.004273381649546677
-0.8097659985419874 -0.8097659985422144 0.4292979956264287 0.01150852063876847
-0.9793097854869544 -0.9793097854868256 0.9379293564605811 0.0003307459566891739
-0.3808899633138076 -0.3808899633138974 -0.857330110058497 0.02267424349796184
-0.6662734259168809 -0.6662734259166581 -0.00117972224962236 0.01872018224494073
-0.4988822261209019 -0.4988822261208352 -0.5033533216373863 0.03443152615917819
