-0.3333333333333330 -0.3333333333333330 0.0313302421757820
-0.0313827602834210 -0.0313827602834210 0.0147176538475870
-0.9372344794331590 -0.0313827602834210 0.0147176538475870
-0.0313827602834210 -0.9372344794331590 0.0147176538475870
-0.1200962338506620 -0.1200962338506620 0.0309633483989700
-0.7598075322986760 -0.1200962338506620 0.0309633483989700
-0.1200962338506620 -0.7598075322986760 0.0309633483989700
-0.2173439383175360 -0.2173439383175360 0.0379869408436480
-0.5653121233649280 -0.2173439383175360 0.0379869408436480
-0.2173439383175360 -0.5653121233649280 0.0379869408436480
-0.4298182844390740 -0.4298182844390740 0.0334662540110490
-0.1403634311218520 -0.4298182844390740 0.0334662540110490
-0.4298182844390740 -0.1403634311218520 0.0334662540110490
-0.5223928018833000 -0.5223928018833000 0.0292036867540540
0.0447856037666010 -0.5223928018833000 0.0292036867540540
-0.5223928018833000 0.0447856037666010 0.0292036867540540
-0.7042745106496860 -0.7042745106496860 0.0221474826055860
0.4085490212993730 -0.7042745106496860 0.0221474826055860
-0.7042745106496860 0.4085490212993730 0.0221474826055860
-0.8431055861215460 -0.8431055861215460 0.0158277536773350
0.6862111722430920 -0.8431055861215460 0.0158277536773350
-0.8431055861215460 0.6862111722430920 0.0158277536773350
-0.9362853182674270 -0.9362853182674270 0.0058978276950840
0.8725706365348540 -0.9362853182674270 0.0058978276950840
-0.9362853182674270 0.8725706365348540 0.0058978276950840
-0.9830087126041300 -0.9830087126041300 0.0019051312975700
0.9660174252082590 -0.9830087126041300 0.0019051312975700
-0.9830087126041300 0.9660174252082590 0.0019051312975700
-0.1339365617104780 0.1203279659169800 0.0086274433861990
0.1203279659169800 -0.1339365617104780 0.0086274433861990
-0.9863914042065010 0.1203279659169800 0.0086274433861990
0.1203279659169800 -0.9863914042065010 0.0086274433861990
-0.9863914042065010 -0.1339365617104780 0.0086274433861990
-0.1339365617104780 -0.9863914042065010 0.0086274433861990
-0.5895599410566610 0.5749916258765571 0.0072920168556280
0.5749916258765571 -0.5895599410566610 0.0072920168556280
-0.9854316848198970 0.5749916258765571 0.0072920168556280
0.5749916258765571 -0.9854316848198970 0.0072920168556280
-0.9854316848198970 -0.5895599410566610 0.0072920168556280
-0.5895599410566610 -0.9854316848198970 0.0072920168556280
-0.3750796841301720 0.3613717120311960 0.0081177037027490
0.3613717120311960 -0.3750796841301720 0.0081177037027490
-0.9862920279010240 0.3613717120311960 0.0081177037027490
0.3613717120311960 -0.9862920279010240 0.0081177037027490
-0.9862920279010240 -0.3750796841301720 0.0081177037027490
-0.3750796841301720 -0.9862920279010240 0.0081177037027490
-0.9068321055910670 0.8972440662410121 0.0028583595151710
0.8972440662410121 -0.9068321055910670 0.0028583595151710
-0.9904119606499450 0.8972440662410121 0.0028583595151710
0.8972440662410121 -0.9904119606499450 0.0028583595151710
-0.9904119606499450 -0.9068321055910670 0.0028583595151710
-0.9068321055910670 -0.9904119606499450 0.0028583595151710
-0.7682815640789760 0.7574775317035460 0.0045967886331530
0.7574775317035460 -0.7682815640789760 0.0045967886331530
-0.9891959676245700 0.7574775317035460 0.0045967886331530
0.7574775317035460 -0.9891959676245700 0.0045967886331530
-0.9891959676245700 -0.7682815640789750 0.0045967886331530
-0.7682815640789750 -0.9891959676245700 0.0045967886331530
-0.4986787260553100 0.4245858229261500 0.0170974776492290
0.4245858229261500 -0.4986787260553100 0.0170974776492290
-0.9259070968708391 0.4245858229261500 0.0170974776492290
0.4245858229261500 -0.9259070968708391 0.0170974776492290
-0.9259070968708391 -0.4986787260553100 0.0170974776492290
-0.4986787260553100 -0.9259070968708391 0.0170974776492290
-0.2796076644834900 0.2083968823162090 0.0185753721632490
0.2083968823162090 -0.2796076644834900 0.0185753721632490
-0.9287892178327189 0.2083968823162090 0.0185753721632490
0.2083968823162090 -0.9287892178327189 0.0185753721632490
-0.9287892178327189 -0.2796076644834900 0.0185753721632490
-0.2796076644834900 -0.9287892178327189 0.0185753721632490
-0.8377373726425080 0.7809266289768980 0.0087116885672700
0.7809266289768980 -0.8377373726425080 0.0087116885672700
-0.9431892563343890 0.7809266289768980 0.0087116885672700
0.7809266289768980 -0.9431892563343890 0.0087116885672700
-0.9431892563343890 -0.8377373726425080 0.0087116885672700
-0.8377373726425080 -0.9431892563343890 0.0087116885672700
-0.6937117932018820 0.6250246277144330 0.0132928837877750
0.6250246277144330 -0.6937117932018820 0.0132928837877750
-0.9313128345125510 0.6250246277144330 0.0132928837877750
0.6250246277144330 -0.9313128345125510 0.0132928837877750
-0.9313128345125510 -0.6937117932018820 0.0132928837877750
-0.6937117932018820 -0.9313128345125510 0.0132928837877750
0.0047009938299510 -0.1355679297348530 0.0122810015107400
-0.1355679297348530 0.0047009938299510 0.0122810015107400
-0.8691330640950981 -0.1355679297348530 0.0122810015107400
-0.1355679297348530 -0.8691330640950981 0.0122810015107400
-0.8691330640950981 0.0047009938299510 0.0122810015107400
0.0047009938299510 -0.8691330640950981 0.0122810015107400
-0.5219769826503530 0.3491050459449450 0.0218208855554200
0.3491050459449450 -0.5219769826503530 0.0218208855554200
-0.8271280632945910 0.3491050459449450 0.0218208855554200
0.3491050459449450 -0.8271280632945910 0.0218208855554200
-0.8271280632945910 -0.5219769826503530 0.0218208855554200
-0.5219769826503530 -0.8271280632945910 0.0218208855554200
-0.3269687211362170 0.1447326020436970 0.0273710902496680
0.1447326020436970 -0.3269687211362170 0.0273710902496680
-0.8177638809074800 0.1447326020436970 0.0273710902496680
0.1447326020436970 -0.8177638809074800 0.0273710902496680
-0.8177638809074800 -0.3269687211362170 0.0273710902496680
-0.3269687211362170 -0.8177638809074800 0.0273710902496680
-0.6961168038667090 0.5310113361348709 0.0187375438891470
0.5310113361348709 -0.6961168038667090 0.0187375438891470
-0.8348945322681620 0.5310113361348709 0.0187375438891470
0.5310113361348709 -0.8348945322681620 0.0187375438891470
-0.8348945322681620 -0.6961168038667090 0.0187375438891470
-0.6961168038667090 -0.8348945322681620 0.0187375438891470
-0.5364049177485590 0.2267345584385230 0.0287007572413880
0.2267345584385230 -0.5364049177485590 0.0287007572413880
-0.6903296406899641 0.2267345584385230 0.0287007572413880
0.2267345584385230 -0.6903296406899641 0.0287007572413880
-0.6903296406899641 -0.5364049177485590 0.0287007572413880
-0.5364049177485590 -0.6903296406899641 0.0287007572413880
-0.3444895637893570 0.0092821270942550 0.0339725740318070
0.0092821270942550 -0.3444895637893570 0.0339725740318070
-0.6647925633048980 0.0092821270942550 0.0339725740318070
0.0092821270942550 -0.6647925633048980 0.0339725740318070
-0.6647925633048980 -0.3444895637893570 0.0339725740318070
-0.3444895637893570 -0.6647925633048980 0.0339725740318070